1100 2
0.000000000000 1.000000000000 
0.154124701236 2.000000000000 
0.244547009452 3.000000000000 
0.273719617633 4.000000000000 
0.294143239283 5.000000000000 
0.313536973648 6.000000000000 
0.329455654185 7.000000000000 
0.344154974835 8.000000000000 
0.356176977940 9.000000000000 
0.367191239268 10.000000000000 
0.377841147961 11.000000000000 
0.387362417003 12.000000000000 
0.396611193801 13.000000000000 
0.404927137526 14.000000000000 
0.412898308885 15.000000000000 
0.420227743772 16.000000000000 
0.426926413865 17.000000000000 
0.433578118267 18.000000000000 
0.439801053939 19.000000000000 
0.445926600457 20.000000000000 
0.451633327223 21.000000000000 
0.456934557185 22.000000000000 
0.462135741948 23.000000000000 
0.467263882508 24.000000000000 
0.472345933064 25.000000000000 
0.477181531291 26.000000000000 
0.481881005016 27.000000000000 
0.486488717807 28.000000000000 
0.490844084335 29.000000000000 
0.495188025434 30.000000000000 
0.499430600269 31.000000000000 
0.503581936582 32.000000000000 
0.507659508863 33.000000000000 
0.511533943902 34.000000000000 
0.515344794744 35.000000000000 
0.519109759050 36.000000000000 
0.522856545858 37.000000000000 
0.526521262985 38.000000000000 
0.530139885860 39.000000000000 
0.533675225301 40.000000000000 
0.537051179631 41.000000000000 
0.540345312362 42.000000000000 
0.543624568978 43.000000000000 
0.546843135713 44.000000000000 
0.549998068293 45.000000000000 
0.553082583406 46.000000000000 
0.556113986897 47.000000000000 
0.559133050319 48.000000000000 
0.562054170089 49.000000000000 
0.564948568269 50.000000000000 
0.567820009041 51.000000000000 
0.570666255009 52.000000000000 
0.573424730878 53.000000000000 
0.576144994527 54.000000000000 
0.578769714612 55.000000000000 
0.581340069533 56.000000000000 
0.583880946968 57.000000000000 
0.586403116906 58.000000000000 
0.588883648077 59.000000000000 
0.591337260537 60.000000000000 
0.593708844805 61.000000000000 
0.596057292018 62.000000000000 
0.598377228389 63.000000000000 
0.600654286752 64.000000000000 
0.602910741778 65.000000000000 
0.605142163229 66.000000000000 
0.607345844288 67.000000000000 
0.609528613375 68.000000000000 
0.611692321506 69.000000000000 
0.613810153593 70.000000000000 
0.615905718497 71.000000000000 
0.617987718663 72.000000000000 
0.620043913245 73.000000000000 
0.622079754570 74.000000000000 
0.624095300877 75.000000000000 
0.626093561067 76.000000000000 
0.628071199859 77.000000000000 
0.630011614038 78.000000000000 
0.631925449896 79.000000000000 
0.633826604241 80.000000000000 
0.635700894271 81.000000000000 
0.637540840995 82.000000000000 
0.639367268290 83.000000000000 
0.641176719909 84.000000000000 
0.642985050031 85.000000000000 
0.644753305639 86.000000000000 
0.646504347362 87.000000000000 
0.648231002772 88.000000000000 
0.649945298362 89.000000000000 
0.651639180901 90.000000000000 
0.653324518036 91.000000000000 
0.654999555846 92.000000000000 
0.656668129927 93.000000000000 
0.658302363712 94.000000000000 
0.659934208704 95.000000000000 
0.661545264161 96.000000000000 
0.663145351186 97.000000000000 
0.664700816982 98.000000000000 
0.666251886237 99.000000000000 
0.667780012342 100.000000000000 
0.669305719290 101.000000000000 
0.670810164513 102.000000000000 
0.672303573671 103.000000000000 
0.673792109263 104.000000000000 
0.675266646901 105.000000000000 
0.676726183170 106.000000000000 
0.678171082887 107.000000000000 
0.679598598890 108.000000000000 
0.681003926008 109.000000000000 
0.682406497580 110.000000000000 
0.683796051081 111.000000000000 
0.685176306493 112.000000000000 
0.686538870281 113.000000000000 
0.687894766693 114.000000000000 
0.689239824695 115.000000000000 
0.690569138775 116.000000000000 
0.691888955386 117.000000000000 
0.693199509955 118.000000000000 
0.694499301683 119.000000000000 
0.695789170209 120.000000000000 
0.697069257485 121.000000000000 
0.698346304850 122.000000000000 
0.699612901037 123.000000000000 
0.700864533853 124.000000000000 
0.702099793093 125.000000000000 
0.703332151474 126.000000000000 
0.704556507406 127.000000000000 
0.705776157686 128.000000000000 
0.706975454264 129.000000000000 
0.708168344058 130.000000000000 
0.709350719920 131.000000000000 
0.710524866026 132.000000000000 
0.711684477299 133.000000000000 
0.712832118929 134.000000000000 
0.713971730893 135.000000000000 
0.715107777793 136.000000000000 
0.716240161340 137.000000000000 
0.717360292767 138.000000000000 
0.718473565689 139.000000000000 
0.719580416965 140.000000000000 
0.720683190225 141.000000000000 
0.721776633820 142.000000000000 
0.722859233389 143.000000000000 
0.723940066798 144.000000000000 
0.725011365345 145.000000000000 
0.726078143049 146.000000000000 
0.727140195746 147.000000000000 
0.728199472953 148.000000000000 
0.729249079524 149.000000000000 
0.730290904671 150.000000000000 
0.731319029795 151.000000000000 
0.732336843871 152.000000000000 
0.733353375515 153.000000000000 
0.734366792270 154.000000000000 
0.735377557526 155.000000000000 
0.736382267808 156.000000000000 
0.737377729058 157.000000000000 
0.738362341401 158.000000000000 
0.739339380050 159.000000000000 
0.740313927337 160.000000000000 
0.741277835070 161.000000000000 
0.742241221212 162.000000000000 
0.743201363074 163.000000000000 
0.744151763552 164.000000000000 
0.745099503309 165.000000000000 
0.746045162832 166.000000000000 
0.746982339488 167.000000000000 
0.747917548925 168.000000000000 
0.748840064951 169.000000000000 
0.749757928484 170.000000000000 
0.750671400471 171.000000000000 
0.751581907046 172.000000000000 
0.752484411563 173.000000000000 
0.753383810295 174.000000000000 
0.754277564466 175.000000000000 
0.755166785975 176.000000000000 
0.756053045946 177.000000000000 
0.756931624396 178.000000000000 
0.757804356706 179.000000000000 
0.758672547852 180.000000000000 
0.759538147365 181.000000000000 
0.760396638809 182.000000000000 
0.761250093055 183.000000000000 
0.762101534563 184.000000000000 
0.762947155898 185.000000000000 
0.763789966378 186.000000000000 
0.764627345789 187.000000000000 
0.765462384031 188.000000000000 
0.766294919552 189.000000000000 
0.767118850767 190.000000000000 
0.767937959823 191.000000000000 
0.768755924912 192.000000000000 
0.769568598600 193.000000000000 
0.770374913415 194.000000000000 
0.771178081725 195.000000000000 
0.771979859773 196.000000000000 
0.772778061806 197.000000000000 
0.773569885944 198.000000000000 
0.774359109888 199.000000000000 
0.775143970718 200.000000000000 
0.775923019870 201.000000000000 
0.776699446240 202.000000000000 
0.777467951838 203.000000000000 
0.778231996709 204.000000000000 
0.778994552316 205.000000000000 
0.779753957995 206.000000000000 
0.780510144108 207.000000000000 
0.781263693115 208.000000000000 
0.782013436390 209.000000000000 
0.782760996643 210.000000000000 
0.783505674395 211.000000000000 
0.784249750415 212.000000000000 
0.784988009904 213.000000000000 
0.785724072662 214.000000000000 
0.786455903835 215.000000000000 
0.787185579551 216.000000000000 
0.787912459690 217.000000000000 
0.788634048019 218.000000000000 
0.789350915436 219.000000000000 
0.790065077369 220.000000000000 
0.790774297017 221.000000000000 
0.791480026895 222.000000000000 
0.792181646965 223.000000000000 
0.792882167284 224.000000000000 
0.793577932717 225.000000000000 
0.794272757398 226.000000000000 
0.794965674034 227.000000000000 
0.795655526481 228.000000000000 
0.796343366317 229.000000000000 
0.797029498630 230.000000000000 
0.797711926124 231.000000000000 
0.798389884937 232.000000000000 
0.799066434815 233.000000000000 
0.799737429812 234.000000000000 
0.800406775530 235.000000000000 
0.801066292056 236.000000000000 
0.801723505293 237.000000000000 
0.802379029875 238.000000000000 
0.803031736920 239.000000000000 
0.803682268321 240.000000000000 
0.804329521677 241.000000000000 
0.804974383947 242.000000000000 
0.805616610985 243.000000000000 
0.806257620871 244.000000000000 
0.806894222222 245.000000000000 
0.807528657488 246.000000000000 
0.808159554899 247.000000000000 
0.808787451229 248.000000000000 
0.809412642680 249.000000000000 
0.810034903742 250.000000000000 
0.810654198728 251.000000000000 
0.811270324331 252.000000000000 
0.811884474638 253.000000000000 
0.812496661377 254.000000000000 
0.813106350575 255.000000000000 
0.813714535479 256.000000000000 
0.814320525238 257.000000000000 
0.814924179009 258.000000000000 
0.815525404295 259.000000000000 
0.816123471323 260.000000000000 
0.816718606460 261.000000000000 
0.817311760576 262.000000000000 
0.817904484227 263.000000000000 
0.818492986787 264.000000000000 
0.819078886064 265.000000000000 
0.819660648524 266.000000000000 
0.820239084209 267.000000000000 
0.820817127602 268.000000000000 
0.821393001108 269.000000000000 
0.821967730838 270.000000000000 
0.822540682243 271.000000000000 
0.823110315399 272.000000000000 
0.823677824703 273.000000000000 
0.824242099682 274.000000000000 
0.824804873372 275.000000000000 
0.825364421594 276.000000000000 
0.825923575814 277.000000000000 
0.826479268369 278.000000000000 
0.827033421140 279.000000000000 
0.827585242315 280.000000000000 
0.828135750296 281.000000000000 
0.828684380797 282.000000000000 
0.829230134753 283.000000000000 
0.829773775923 284.000000000000 
0.830314764679 285.000000000000 
0.830853485291 286.000000000000 
0.831390853148 287.000000000000 
0.831926953792 288.000000000000 
0.832460574974 289.000000000000 
0.832991688844 290.000000000000 
0.833521774572 291.000000000000 
0.834048708057 292.000000000000 
0.834574474033 293.000000000000 
0.835098653836 294.000000000000 
0.835619297298 295.000000000000 
0.836138434106 296.000000000000 
0.836657039872 297.000000000000 
0.837173870905 298.000000000000 
0.837688668022 299.000000000000 
0.838201681058 300.000000000000 
0.838712097101 301.000000000000 
0.839220500568 302.000000000000 
0.839727892624 303.000000000000 
0.840234168576 304.000000000000 
0.840736753984 305.000000000000 
0.841237575590 306.000000000000 
0.841737268671 307.000000000000 
0.842235507089 308.000000000000 
0.842730689279 309.000000000000 
0.843224541461 310.000000000000 
0.843717307953 311.000000000000 
0.844208099702 312.000000000000 
0.844697523628 313.000000000000 
0.845186485686 314.000000000000 
0.845674596632 315.000000000000 
0.846160815793 316.000000000000 
0.846644702094 317.000000000000 
0.847128088850 318.000000000000 
0.847610922881 319.000000000000 
0.848089581885 320.000000000000 
0.848567794466 321.000000000000 
0.849043656540 322.000000000000 
0.849517821386 323.000000000000 
0.849988712736 324.000000000000 
0.850458945450 325.000000000000 
0.850927580064 326.000000000000 
0.851393622824 327.000000000000 
0.851857644008 328.000000000000 
0.852321325662 329.000000000000 
0.852783930716 330.000000000000 
0.853246152608 331.000000000000 
0.853706931675 332.000000000000 
0.854166905847 333.000000000000 
0.854624747994 334.000000000000 
0.855082459235 335.000000000000 
0.855538692076 336.000000000000 
0.855991842744 337.000000000000 
0.856441757409 338.000000000000 
0.856889554260 339.000000000000 
0.857337082604 340.000000000000 
0.857784111780 341.000000000000 
0.858230501482 342.000000000000 
0.858673895196 343.000000000000 
0.859116479914 344.000000000000 
0.859558131767 345.000000000000 
0.859998983436 346.000000000000 
0.860438314562 347.000000000000 
0.860876253101 348.000000000000 
0.861312710474 349.000000000000 
0.861748469270 350.000000000000 
0.862182835569 351.000000000000 
0.862615019036 352.000000000000 
0.863045816331 353.000000000000 
0.863476029259 354.000000000000 
0.863903421308 355.000000000000 
0.864328547482 356.000000000000 
0.864752202927 357.000000000000 
0.865175205916 358.000000000000 
0.865597040693 359.000000000000 
0.866018131148 360.000000000000 
0.866437704522 361.000000000000 
0.866855452704 362.000000000000 
0.867270554711 363.000000000000 
0.867685103677 364.000000000000 
0.868097957659 365.000000000000 
0.868509637668 366.000000000000 
0.868920295182 367.000000000000 
0.869328939470 368.000000000000 
0.869735812940 369.000000000000 
0.870141763000 370.000000000000 
0.870546997469 371.000000000000 
0.870950924297 372.000000000000 
0.871354032686 373.000000000000 
0.871755293658 374.000000000000 
0.872156267164 375.000000000000 
0.872556345756 376.000000000000 
0.872955840205 377.000000000000 
0.873350886877 378.000000000000 
0.873745539203 379.000000000000 
0.874139721403 380.000000000000 
0.874533317243 381.000000000000 
0.874926216964 382.000000000000 
0.875317937159 383.000000000000 
0.875707822195 384.000000000000 
0.876097019942 385.000000000000 
0.876485168546 386.000000000000 
0.876873208927 387.000000000000 
0.877258435996 388.000000000000 
0.877642255244 389.000000000000 
0.878024964458 390.000000000000 
0.878405302444 391.000000000000 
0.878784658130 392.000000000000 
0.879162799944 393.000000000000 
0.879539757134 394.000000000000 
0.879915310960 395.000000000000 
0.880290683380 396.000000000000 
0.880664666469 397.000000000000 
0.881037646517 398.000000000000 
0.881409789722 399.000000000000 
0.881781463123 400.000000000000 
0.882151026203 401.000000000000 
0.882519581477 402.000000000000 
0.882887923778 403.000000000000 
0.883255580909 404.000000000000 
0.883621884127 405.000000000000 
0.883987376346 406.000000000000 
0.884352111577 407.000000000000 
0.884715377412 408.000000000000 
0.885077775303 409.000000000000 
0.885438760706 410.000000000000 
0.885799315700 411.000000000000 
0.886158750879 412.000000000000 
0.886516860113 413.000000000000 
0.886874546662 414.000000000000 
0.887230536948 415.000000000000 
0.887584354820 416.000000000000 
0.887937890581 417.000000000000 
0.888291140008 418.000000000000 
0.888643883329 419.000000000000 
0.888994922241 420.000000000000 
0.889344404869 421.000000000000 
0.889693048341 422.000000000000 
0.890041260688 423.000000000000 
0.890387618828 424.000000000000 
0.890732981574 425.000000000000 
0.891078205857 426.000000000000 
0.891422046873 427.000000000000 
0.891764107957 428.000000000000 
0.892105737186 429.000000000000 
0.892445858800 430.000000000000 
0.892785739305 431.000000000000 
0.893124220120 432.000000000000 
0.893462438250 433.000000000000 
0.893798406365 434.000000000000 
0.894133173853 435.000000000000 
0.894467104591 436.000000000000 
0.894800174921 437.000000000000 
0.895132239130 438.000000000000 
0.895464072592 439.000000000000 
0.895795270792 440.000000000000 
0.896125257951 441.000000000000 
0.896455145769 442.000000000000 
0.896783548488 443.000000000000 
0.897110848518 444.000000000000 
0.897437380814 445.000000000000 
0.897763028159 446.000000000000 
0.898087630078 447.000000000000 
0.898411067413 448.000000000000 
0.898734130629 449.000000000000 
0.899056731068 450.000000000000 
0.899378372179 451.000000000000 
0.899698701527 452.000000000000 
0.900018700641 453.000000000000 
0.900337742990 454.000000000000 
0.900655004419 455.000000000000 
0.900971666668 456.000000000000 
0.901287633533 457.000000000000 
0.901603261130 458.000000000000 
0.901917850884 459.000000000000 
0.902231274280 460.000000000000 
0.902544173200 461.000000000000 
0.902856112697 462.000000000000 
0.903166488973 463.000000000000 
0.903476073793 464.000000000000 
0.903785085939 465.000000000000 
0.904093739387 466.000000000000 
0.904401419420 467.000000000000 
0.904708477495 468.000000000000 
0.905014354022 469.000000000000 
0.905318444012 470.000000000000 
0.905621216524 471.000000000000 
0.905923898175 472.000000000000 
0.906226473057 473.000000000000 
0.906527850898 474.000000000000 
0.906828730134 475.000000000000 
0.907128389045 476.000000000000 
0.907427375376 477.000000000000 
0.907725513328 478.000000000000 
0.908022420143 479.000000000000 
0.908318847101 480.000000000000 
0.908614122185 481.000000000000 
0.908909102547 482.000000000000 
0.909203137883 483.000000000000 
0.909496244722 484.000000000000 
0.909788727177 485.000000000000 
0.910081011113 486.000000000000 
0.910372017481 487.000000000000 
0.910662515120 488.000000000000 
0.910952081339 489.000000000000 
0.911241008828 490.000000000000 
0.911528515748 491.000000000000 
0.911815391547 492.000000000000 
0.912101167718 493.000000000000 
0.912386091561 494.000000000000 
0.912670832277 495.000000000000 
0.912954520947 496.000000000000 
0.913237854063 497.000000000000 
0.913520402075 498.000000000000 
0.913802396631 499.000000000000 
0.914083272446 500.000000000000 
0.914363018905 501.000000000000 
0.914642488375 502.000000000000 
0.914921718151 503.000000000000 
0.915199681423 504.000000000000 
0.915476988832 505.000000000000 
0.915753028366 506.000000000000 
0.916028423785 507.000000000000 
0.916303368322 508.000000000000 
0.916577663958 509.000000000000 
0.916851390972 510.000000000000 
0.917124862555 511.000000000000 
0.917397908974 512.000000000000 
0.917669924989 513.000000000000 
0.917940813544 514.000000000000 
0.918211342291 515.000000000000 
0.918481468243 516.000000000000 
0.918750537265 517.000000000000 
0.919018469480 518.000000000000 
0.919286102802 519.000000000000 
0.919552742832 520.000000000000 
0.919818542189 521.000000000000 
0.920083403984 522.000000000000 
0.920347741913 523.000000000000 
0.920611839644 524.000000000000 
0.920875153604 525.000000000000 
0.921137977149 526.000000000000 
0.921400032265 527.000000000000 
0.921661912274 528.000000000000 
0.921922617063 529.000000000000 
0.922182701269 530.000000000000 
0.922442147488 531.000000000000 
0.922701110305 532.000000000000 
0.922959377949 533.000000000000 
0.923217217379 534.000000000000 
0.923474245437 535.000000000000 
0.923730946374 536.000000000000 
0.923986711794 537.000000000000 
0.924241287926 538.000000000000 
0.924495399428 539.000000000000 
0.924748729755 540.000000000000 
0.925001044744 541.000000000000 
0.925252842890 542.000000000000 
0.925504430200 543.000000000000 
0.925755710608 544.000000000000 
0.926005899682 545.000000000000 
0.926255390934 546.000000000000 
0.926504340808 547.000000000000 
0.926752527716 548.000000000000 
0.927000148814 549.000000000000 
0.927247438754 550.000000000000 
0.927494503488 551.000000000000 
0.927740592405 552.000000000000 
0.927986464232 553.000000000000 
0.928231390611 554.000000000000 
0.928475650830 555.000000000000 
0.928719282847 556.000000000000 
0.928962034726 557.000000000000 
0.929204190240 558.000000000000 
0.929445094398 559.000000000000 
0.929685837005 560.000000000000 
0.929926153911 561.000000000000 
0.930165976200 562.000000000000 
0.930404740271 563.000000000000 
0.930643067934 564.000000000000 
0.930881112797 565.000000000000 
0.931118433073 566.000000000000 
0.931355053674 567.000000000000 
0.931591230559 568.000000000000 
0.931826868996 569.000000000000 
0.932062114927 570.000000000000 
0.932296208838 571.000000000000 
0.932529963778 572.000000000000 
0.932762798059 573.000000000000 
0.932995082070 574.000000000000 
0.933226868251 575.000000000000 
0.933458517190 576.000000000000 
0.933689256965 577.000000000000 
0.933918830896 578.000000000000 
0.934148222445 579.000000000000 
0.934377099712 580.000000000000 
0.934605698969 581.000000000000 
0.934833408100 582.000000000000 
0.935060278386 583.000000000000 
0.935286983869 584.000000000000 
0.935512957787 585.000000000000 
0.935738572797 586.000000000000 
0.935963740841 587.000000000000 
0.936188719511 588.000000000000 
0.936413032343 589.000000000000 
0.936636539473 590.000000000000 
0.936859042632 591.000000000000 
0.937081286157 592.000000000000 
0.937303361866 593.000000000000 
0.937524784901 594.000000000000 
0.937745848660 595.000000000000 
0.937966633386 596.000000000000 
0.938186913232 597.000000000000 
0.938406205106 598.000000000000 
0.938624857911 599.000000000000 
0.938843360441 600.000000000000 
0.939061355010 601.000000000000 
0.939278548367 602.000000000000 
0.939495600386 603.000000000000 
0.939711843523 604.000000000000 
0.939927649328 605.000000000000 
0.940142833169 606.000000000000 
0.940357595791 607.000000000000 
0.940571900364 608.000000000000 
0.940785531584 609.000000000000 
0.940998590814 610.000000000000 
0.941210097122 611.000000000000 
0.941421318983 612.000000000000 
0.941632395382 613.000000000000 
0.941842983243 614.000000000000 
0.942052717779 615.000000000000 
0.942262072552 616.000000000000 
0.942470784840 617.000000000000 
0.942678934698 618.000000000000 
0.942886752850 619.000000000000 
0.943094409765 620.000000000000 
0.943300906391 621.000000000000 
0.943507108835 622.000000000000 
0.943712744527 623.000000000000 
0.943917855830 624.000000000000 
0.944122571300 625.000000000000 
0.944327066338 626.000000000000 
0.944531223029 627.000000000000 
0.944734738942 628.000000000000 
0.944937645568 629.000000000000 
0.945140348568 630.000000000000 
0.945342521726 631.000000000000 
0.945544304464 632.000000000000 
0.945745771609 633.000000000000 
0.945946342324 634.000000000000 
0.946146759644 635.000000000000 
0.946346222058 636.000000000000 
0.946545344633 637.000000000000 
0.946744158160 638.000000000000 
0.946942630753 639.000000000000 
0.947140399523 640.000000000000 
0.947337806038 641.000000000000 
0.947534801659 642.000000000000 
0.947730794252 643.000000000000 
0.947926189007 644.000000000000 
0.948121376521 645.000000000000 
0.948316283050 646.000000000000 
0.948510929040 647.000000000000 
0.948704848102 648.000000000000 
0.948898457832 649.000000000000 
0.949091538872 650.000000000000 
0.949284120588 651.000000000000 
0.949476115260 652.000000000000 
0.949667865739 653.000000000000 
0.949859234813 654.000000000000 
0.950049598464 655.000000000000 
0.950239614696 656.000000000000 
0.950429396320 657.000000000000 
0.950618812423 658.000000000000 
0.950807529145 659.000000000000 
0.950995851004 660.000000000000 
0.951183437769 661.000000000000 
0.951370673942 662.000000000000 
0.951557657382 663.000000000000 
0.951743520367 664.000000000000 
0.951929302488 665.000000000000 
0.952114322108 666.000000000000 
0.952298690493 667.000000000000 
0.952482745171 668.000000000000 
0.952666539507 669.000000000000 
0.952849826574 670.000000000000 
0.953032720579 671.000000000000 
0.953215252497 672.000000000000 
0.953396912629 673.000000000000 
0.953578315159 674.000000000000 
0.953759447805 675.000000000000 
0.953940095713 676.000000000000 
0.954120348980 677.000000000000 
0.954300230534 678.000000000000 
0.954479461880 679.000000000000 
0.954658557005 680.000000000000 
0.954837057745 681.000000000000 
0.955015065139 682.000000000000 
0.955192588836 683.000000000000 
0.955369734474 684.000000000000 
0.955546428936 685.000000000000 
0.955722777906 686.000000000000 
0.955898836578 687.000000000000 
0.956074395312 688.000000000000 
0.956249353865 689.000000000000 
0.956423992086 690.000000000000 
0.956598485093 691.000000000000 
0.956772708064 692.000000000000 
0.956946662000 693.000000000000 
0.957120184049 694.000000000000 
0.957293028821 695.000000000000 
0.957465380026 696.000000000000 
0.957637165291 697.000000000000 
0.957808518147 698.000000000000 
0.957979512580 699.000000000000 
0.958149936688 700.000000000000 
0.958319966991 701.000000000000 
0.958489251407 702.000000000000 
0.958658100412 703.000000000000 
0.958826945464 704.000000000000 
0.958995035403 705.000000000000 
0.959162953294 706.000000000000 
0.959330240253 707.000000000000 
0.959497183934 708.000000000000 
0.959663623444 709.000000000000 
0.959829840550 710.000000000000 
0.959995888256 711.000000000000 
0.960161464644 712.000000000000 
0.960326834595 713.000000000000 
0.960491604481 714.000000000000 
0.960656196204 715.000000000000 
0.960820374724 716.000000000000 
0.960984199908 717.000000000000 
0.961147406975 718.000000000000 
0.961310344047 719.000000000000 
0.961473045470 720.000000000000 
0.961635197945 721.000000000000 
0.961796575110 722.000000000000 
0.961957575159 723.000000000000 
0.962118276417 724.000000000000 
0.962278388362 725.000000000000 
0.962438147672 726.000000000000 
0.962597571985 727.000000000000 
0.962756577347 728.000000000000 
0.962915497356 729.000000000000 
0.963074233957 730.000000000000 
0.963232229693 731.000000000000 
0.963389630808 732.000000000000 
0.963546863725 733.000000000000 
0.963703841615 734.000000000000 
0.963860465786 735.000000000000 
0.964016786744 736.000000000000 
0.964172682003 737.000000000000 
0.964328018409 738.000000000000 
0.964483265711 739.000000000000 
0.964637796755 740.000000000000 
0.964792048119 741.000000000000 
0.964945389581 742.000000000000 
0.965098416545 743.000000000000 
0.965251089046 744.000000000000 
0.965403471371 745.000000000000 
0.965555592146 746.000000000000 
0.965707227422 747.000000000000 
0.965858567454 748.000000000000 
0.966009818860 749.000000000000 
0.966160757625 750.000000000000 
0.966311102830 751.000000000000 
0.966461099808 752.000000000000 
0.966610872748 753.000000000000 
0.966760493576 754.000000000000 
0.966909433959 755.000000000000 
0.967057880024 756.000000000000 
0.967206235257 757.000000000000 
0.967353755885 758.000000000000 
0.967501046416 759.000000000000 
0.967648144821 760.000000000000 
0.967795065941 761.000000000000 
0.967941369860 762.000000000000 
0.968087272840 763.000000000000 
0.968232524502 764.000000000000 
0.968377413014 765.000000000000 
0.968522188383 766.000000000000 
0.968666753031 767.000000000000 
0.968810850287 768.000000000000 
0.968954307693 769.000000000000 
0.969097533021 770.000000000000 
0.969240297266 771.000000000000 
0.969382995706 772.000000000000 
0.969525113012 773.000000000000 
0.969666965758 774.000000000000 
0.969808455767 775.000000000000 
0.969949525135 776.000000000000 
0.970090236258 777.000000000000 
0.970230729791 778.000000000000 
0.970370870222 779.000000000000 
0.970510635338 780.000000000000 
0.970649895260 781.000000000000 
0.970788863178 782.000000000000 
0.970927408894 783.000000000000 
0.971065499734 784.000000000000 
0.971203302445 785.000000000000 
0.971340906999 786.000000000000 
0.971478189758 787.000000000000 
0.971615249412 788.000000000000 
0.971752028599 789.000000000000 
0.971888515090 790.000000000000 
0.972024279773 791.000000000000 
0.972159437682 792.000000000000 
0.972294526587 793.000000000000 
0.972429288039 794.000000000000 
0.972563674551 795.000000000000 
0.972697493145 796.000000000000 
0.972831152375 797.000000000000 
0.972964354948 798.000000000000 
0.973097251100 799.000000000000 
0.973229858350 800.000000000000 
0.973362420420 801.000000000000 
0.973494260820 802.000000000000 
0.973625870418 803.000000000000 
0.973756909341 804.000000000000 
0.973887606169 805.000000000000 
0.974018191353 806.000000000000 
0.974148430772 807.000000000000 
0.974278582597 808.000000000000 
0.974408183994 809.000000000000 
0.974537219198 810.000000000000 
0.974665931430 811.000000000000 
0.974794217474 812.000000000000 
0.974922457060 813.000000000000 
0.975050147846 814.000000000000 
0.975177551053 815.000000000000 
0.975304650900 816.000000000000 
0.975431426437 817.000000000000 
0.975557934919 818.000000000000 
0.975684012745 819.000000000000 
0.975809962573 820.000000000000 
0.975935292416 821.000000000000 
0.976060373005 822.000000000000 
0.976185381859 823.000000000000 
0.976309916837 824.000000000000 
0.976434019677 825.000000000000 
0.976558013439 826.000000000000 
0.976681286551 827.000000000000 
0.976804365500 828.000000000000 
0.976927376139 829.000000000000 
0.977049873791 830.000000000000 
0.977171914060 831.000000000000 
0.977293657693 832.000000000000 
0.977415069360 833.000000000000 
0.977536120996 834.000000000000 
0.977657021479 835.000000000000 
0.977777800748 836.000000000000 
0.977897923451 837.000000000000 
0.978017956070 838.000000000000 
0.978137684964 839.000000000000 
0.978257038060 840.000000000000 
0.978376028627 841.000000000000 
0.978494822264 842.000000000000 
0.978613327826 843.000000000000 
0.978731719228 844.000000000000 
0.978849740574 845.000000000000 
0.978967533688 846.000000000000 
0.979085097396 847.000000000000 
0.979202345282 848.000000000000 
0.979319257707 849.000000000000 
0.979435928994 850.000000000000 
0.979552296302 851.000000000000 
0.979668252005 852.000000000000 
0.979784062899 853.000000000000 
0.979899620382 854.000000000000 
0.980014786071 855.000000000000 
0.980129704644 856.000000000000 
0.980243954883 857.000000000000 
0.980357812437 858.000000000000 
0.980471223344 859.000000000000 
0.980584313560 860.000000000000 
0.980697301482 861.000000000000 
0.980810155088 862.000000000000 
0.980922766275 863.000000000000 
0.981035070051 864.000000000000 
0.981147225219 865.000000000000 
0.981258999827 866.000000000000 
0.981370375333 867.000000000000 
0.981481594604 868.000000000000 
0.981592572468 869.000000000000 
0.981702798969 870.000000000000 
0.981812532962 871.000000000000 
0.981922083669 872.000000000000 
0.982031504357 873.000000000000 
0.982140748277 874.000000000000 
0.982249713902 875.000000000000 
0.982358099288 876.000000000000 
0.982466068148 877.000000000000 
0.982573903619 878.000000000000 
0.982681639505 879.000000000000 
0.982789170998 880.000000000000 
0.982896291589 881.000000000000 
0.983003114691 882.000000000000 
0.983109591575 883.000000000000 
0.983216041686 884.000000000000 
0.983322186667 885.000000000000 
0.983427756165 886.000000000000 
0.983533172735 887.000000000000 
0.983638251418 888.000000000000 
0.983743223061 889.000000000000 
0.983847789347 890.000000000000 
0.983952085196 891.000000000000 
0.984055900698 892.000000000000 
0.984159553859 893.000000000000 
0.984263139571 894.000000000000 
0.984366313934 895.000000000000 
0.984469283702 896.000000000000 
0.984571783138 897.000000000000 
0.984673853056 898.000000000000 
0.984775874993 899.000000000000 
0.984877719267 900.000000000000 
0.984979061094 901.000000000000 
0.985079973497 902.000000000000 
0.985180652384 903.000000000000 
0.985281009778 904.000000000000 
0.985381230988 905.000000000000 
0.985481195033 906.000000000000 
0.985580936071 907.000000000000 
0.985680202086 908.000000000000 
0.985779190324 909.000000000000 
0.985878148195 910.000000000000 
0.985976933514 911.000000000000 
0.986075234403 912.000000000000 
0.986173347747 913.000000000000 
0.986271123353 914.000000000000 
0.986368717617 915.000000000000 
0.986465686025 916.000000000000 
0.986562520956 917.000000000000 
0.986659245160 918.000000000000 
0.986755694811 919.000000000000 
0.986851890723 920.000000000000 
0.986947806746 921.000000000000 
0.987043518128 922.000000000000 
0.987138571451 923.000000000000 
0.987233225452 924.000000000000 
0.987327643823 925.000000000000 
0.987421911384 926.000000000000 
0.987516048207 927.000000000000 
0.987609869935 928.000000000000 
0.987703582338 929.000000000000 
0.987797070809 930.000000000000 
0.987890207083 931.000000000000 
0.987982968042 932.000000000000 
0.988075696547 933.000000000000 
0.988167781775 934.000000000000 
0.988259733082 935.000000000000 
0.988351535617 936.000000000000 
0.988443137666 937.000000000000 
0.988534503081 938.000000000000 
0.988625523612 939.000000000000 
0.988716354459 940.000000000000 
0.988806659733 941.000000000000 
0.988896646875 942.000000000000 
0.988986552424 943.000000000000 
0.989076053671 944.000000000000 
0.989165346761 945.000000000000 
0.989254444835 946.000000000000 
0.989343151142 947.000000000000 
0.989431446342 948.000000000000 
0.989519593766 949.000000000000 
0.989607535738 950.000000000000 
0.989695174298 951.000000000000 
0.989782348632 952.000000000000 
0.989869304388 953.000000000000 
0.989956188977 954.000000000000 
0.990042867169 955.000000000000 
0.990129203595 956.000000000000 
0.990215181111 957.000000000000 
0.990300884486 958.000000000000 
0.990386471614 959.000000000000 
0.990471580855 960.000000000000 
0.990556522647 961.000000000000 
0.990641265231 962.000000000000 
0.990725617950 963.000000000000 
0.990809557347 964.000000000000 
0.990893439428 965.000000000000 
0.990977014114 966.000000000000 
0.991060574976 967.000000000000 
0.991143835187 968.000000000000 
0.991226944917 969.000000000000 
0.991309564445 970.000000000000 
0.991392119096 971.000000000000 
0.991474124390 972.000000000000 
0.991555924072 973.000000000000 
0.991637441685 974.000000000000 
0.991718898001 975.000000000000 
0.991799979991 976.000000000000 
0.991881011136 977.000000000000 
0.991961713101 978.000000000000 
0.992042247352 979.000000000000 
0.992122397488 980.000000000000 
0.992202338188 981.000000000000 
0.992282184658 982.000000000000 
0.992361630021 983.000000000000 
0.992440810920 984.000000000000 
0.992519754556 985.000000000000 
0.992598413278 986.000000000000 
0.992676849838 987.000000000000 
0.992755132374 988.000000000000 
0.992833183880 989.000000000000 
0.992911009555 990.000000000000 
0.992988144670 991.000000000000 
0.993065157033 992.000000000000 
0.993141883089 993.000000000000 
0.993218501244 994.000000000000 
0.993295020918 995.000000000000 
0.993371201768 996.000000000000 
0.993447202208 997.000000000000 
0.993523006209 998.000000000000 
0.993598324901 999.000000000000 
0.993673411267 1000.000000000000 
0.993748463902 1001.000000000000 
0.993823004003 1002.000000000000 
0.993897308853 1003.000000000000 
0.993971512082 1004.000000000000 
0.994045611416 1005.000000000000 
0.994119503871 1006.000000000000 
0.994193235175 1007.000000000000 
0.994266348220 1008.000000000000 
0.994339320457 1009.000000000000 
0.994411977199 1010.000000000000 
0.994484446317 1011.000000000000 
0.994556438316 1012.000000000000 
0.994628210999 1013.000000000000 
0.994699641713 1014.000000000000 
0.994770934604 1015.000000000000 
0.994841955584 1016.000000000000 
0.994912849943 1017.000000000000 
0.994983291653 1018.000000000000 
0.995053636518 1019.000000000000 
0.995123800380 1020.000000000000 
0.995193778776 1021.000000000000 
0.995263477109 1022.000000000000 
0.995332988779 1023.000000000000 
0.995402175892 1024.000000000000 
0.995471197364 1025.000000000000 
0.995539978220 1026.000000000000 
0.995608398185 1027.000000000000 
0.995676644902 1028.000000000000 
0.995744713974 1029.000000000000 
0.995812558987 1030.000000000000 
0.995880322105 1031.000000000000 
0.995947910016 1032.000000000000 
0.996015076932 1033.000000000000 
0.996081851307 1034.000000000000 
0.996148461640 1035.000000000000 
0.996215011559 1036.000000000000 
0.996281316821 1037.000000000000 
0.996347510745 1038.000000000000 
0.996412970364 1039.000000000000 
0.996478240574 1040.000000000000 
0.996543373165 1041.000000000000 
0.996608148070 1042.000000000000 
0.996672719950 1043.000000000000 
0.996737072659 1044.000000000000 
0.996801303106 1045.000000000000 
0.996865399437 1046.000000000000 
0.996929257493 1047.000000000000 
0.996992831840 1048.000000000000 
0.997056320037 1049.000000000000 
0.997119328222 1050.000000000000 
0.997181977149 1051.000000000000 
0.997244283396 1052.000000000000 
0.997306561680 1053.000000000000 
0.997368359556 1054.000000000000 
0.997429843227 1055.000000000000 
0.997491147643 1056.000000000000 
0.997552313327 1057.000000000000 
0.997612917409 1058.000000000000 
0.997673393941 1059.000000000000 
0.997733572596 1060.000000000000 
0.997793553834 1061.000000000000 
0.997853488582 1062.000000000000 
0.997912998992 1063.000000000000 
0.997972436044 1064.000000000000 
0.998031611341 1065.000000000000 
0.998090525932 1066.000000000000 
0.998149203393 1067.000000000000 
0.998207585900 1068.000000000000 
0.998265868374 1069.000000000000 
0.998323673232 1070.000000000000 
0.998381393352 1071.000000000000 
0.998438845777 1072.000000000000 
0.998496196266 1073.000000000000 
0.998553215847 1074.000000000000 
0.998610016948 1075.000000000000 
0.998666578198 1076.000000000000 
0.998722901657 1077.000000000000 
0.998778727142 1078.000000000000 
0.998834267861 1079.000000000000 
0.998889714901 1080.000000000000 
0.998945033833 1081.000000000000 
0.999000187456 1082.000000000000 
0.999055064025 1083.000000000000 
0.999109653174 1084.000000000000 
0.999164121966 1085.000000000000 
0.999218385176 1086.000000000000 
0.999272534821 1087.000000000000 
0.999326312794 1088.000000000000 
0.999379818924 1089.000000000000 
0.999433040826 1090.000000000000 
0.999486085799 1091.000000000000 
0.999538744518 1092.000000000000 
0.999590873706 1093.000000000000 
0.999642948397 1094.000000000000 
0.999694704644 1095.000000000000 
0.999746267615 1096.000000000000 
0.999797562819 1097.000000000000 
0.999848528522 1098.000000000000 
0.999899411157 1099.000000000000 
0.999949890999 1100.000000000000 
