4096
6.584347826087
-0.857391304348
-4.061739130435
-10.560000000000
-16.943478260870
-22.471304347826
-29.518260869565
-32.977391304348
-38.538260869565
-40.532173913043
-46.320000000000
-50.951304347826
-53.626086956522
-59.299130434783
-60.799130434783
-62.602608695652
-62.576521739130
-66.400000000000
-65.913043478261
-66.571304347826
-68.436521739130
-69.036521739130
-68.674782608696
-69.446086956522
-69.190434782609
-68.811304347826
-69.397391304348
-69.336521739130
-69.201739130435
-70.370434782609
-69.245217391304
-69.648695652174
-69.730434782609
-69.044347826087
-68.564347826087
-68.845217391304
-68.472173913043
-67.905217391304
-69.060000000000
-69.323478260870
-68.981739130435
-67.786956521739
-68.666956521739
-69.804347826087
-69.107826086957
-69.031304347826
-65.729565217391
-64.542608695652
-62.362608695652
-61.781739130435
-61.272173913043
-55.420869565217
-51.865217391304
-49.261739130435
-44.166956521739
-41.273913043478
-38.009565217391
-30.172173913043
-23.806086956522
-16.132173913043
-10.460000000000
-2.916521739130
1.953043478261
6.907826086957
7.413043478261
-1.673043478261
-6.690434782609
-8.245217391304
-16.310434782609
-23.580869565217
-26.901739130435
-31.791304347826
-36.361739130435
-39.396521739130
-47.980000000000
-51.061739130435
-55.411304347826
-56.344347826087
-56.978260869565
-59.071304347826
-58.546086956522
-60.906956521739
-64.771304347826
-63.774782608696
-65.929565217391
-66.303478260870
-67.404347826087
-68.526086956522
-68.100869565217
-67.772173913043
-68.861739130435
-69.355652173913
-70.057391304348
-70.459130434783
-69.064347826087
-69.139130434783
-68.520869565217
-68.844347826087
-68.736521739130
-68.230434782609
-67.434782608696
-66.248695652174
-67.020869565217
-67.760869565217
-66.996521739130
-67.063478260870
-66.168695652174
-65.520869565217
-64.825217391304
-65.330434782609
-63.252173913043
-62.504347826087
-60.940000000000
-56.097391304348
-54.473913043478
-52.996521739130
-49.805217391304
-45.751304347826
-43.059130434783
-41.604347826087
-37.786956521739
-31.332173913043
-25.545217391304
-16.789565217391
-10.238260869565
-1.213913043478
1.620869565217
6.167826086957
5.168695652174
1.426956521739
-4.749565217391
-9.364347826087
-15.754782608696
-23.166956521739
-26.624347826087
-30.834782608696
-33.429565217391
-39.073043478261
-44.741739130435
-47.735652173913
-51.266956521739
-54.243478260870
-55.031304347826
-54.600869565217
-56.700869565217
-57.574782608696
-59.412173913043
-59.585217391304
-60.566956521739
-63.355652173913
-65.865217391304
-67.622608695652
-67.269565217391
-67.801739130435
-69.078260869565
-69.699130434783
-70.395652173913
-69.300000000000
-69.239130434783
-69.621739130435
-69.486086956522
-67.950434782609
-67.969565217391
-67.033913043478
-66.525217391304
-67.357391304348
-67.373043478261
-65.644347826087
-65.181739130435
-64.460869565217
-62.200869565217
-61.081739130435
-61.498260869565
-60.129565217391
-57.476521739130
-57.189565217391
-54.900869565217
-51.325217391304
-50.060869565217
-48.266086956522
-45.117391304348
-43.448695652174
-41.581739130435
-38.315652173913
-35.206086956522
-30.740000000000
-26.426086956522
-16.852173913043
-8.820869565217
-0.584347826087
0.866086956522
7.500000000000
6.992173913043
2.902608695652
-3.620000000000
-8.053913043478
-12.946086956522
-22.282608695652
-24.708695652174
-26.780869565217
-31.605217391304
-35.006086956522
-42.273913043478
-45.143478260870
-46.678260869565
-48.571304347826
-49.680000000000
-50.530434782609
-49.816521739130
-51.520000000000
-55.088695652174
-57.134782608696
-58.680000000000
-59.413913043478
-62.637391304348
-64.570434782609
-63.604347826087
-64.765217391304
-66.446956521739
-68.582608695652
-69.239130434783
-67.917391304348
-68.552173913043
-68.866956521739
-67.200869565217
-66.501739130435
-66.978260869565
-65.620000000000
-64.682608695652
-65.066956521739
-63.719130434783
-61.807826086957
-62.187826086957
-59.813043478261
-57.312173913043
-53.915652173913
-53.200000000000
-52.291304347826
-48.064347826087
-45.559130434783
-45.476521739130
-45.880000000000
-42.328695652174
-42.583478260870
-41.983478260870
-39.813913043478
-37.332173913043
-33.906086956522
-30.310434782609
-27.165217391304
-22.464347826087
-17.721739130435
-9.638260869565
1.298260869565
1.973913043478
7.931304347826
6.874782608696
3.813043478261
-0.962608695652
-7.376521739130
-14.068695652174
-18.300000000000
-22.258260869565
-25.407826086957
-26.833913043478
-29.610434782609
-35.155652173913
-38.320000000000
-41.110434782609
-42.519130434783
-42.625217391304
-42.497391304348
-42.206956521739
-43.927826086957
-46.523478260870
-49.386086956522
-53.261739130435
-55.197391304348
-57.018260869565
-57.339130434783
-60.846086956522
-61.975652173913
-64.049565217391
-65.964347826087
-66.011304347826
-66.876521739130
-67.644347826087
-66.654782608696
-65.496521739130
-64.213043478261
-63.575652173913
-61.900869565217
-60.182608695652
-60.547826086957
-57.228695652174
-54.801739130435
-51.669565217391
-48.344347826087
-45.797391304348
-44.407826086957
-41.858260869565
-39.367826086957
-37.000000000000
-38.627826086957
-37.260869565217
-35.870434782609
-34.531304347826
-35.682608695652
-32.453043478261
-31.863478260870
-30.816521739130
-29.779130434783
-28.108695652174
-23.726086956522
-21.386086956522
-17.127826086957
-8.226956521739
-0.151304347826
5.280000000000
8.100000000000
8.363478260870
5.633913043478
1.860000000000
-4.532173913043
-11.189565217391
-16.580000000000
-19.737391304348
-24.280869565217
-24.321739130435
-24.324347826087
-27.538260869565
-26.559130434783
-28.799130434783
-30.016521739130
-29.075652173913
-29.591304347826
-31.113913043478
-33.961739130435
-35.182608695652
-37.375652173913
-40.406956521739
-43.800869565217
-47.264347826087
-49.226086956522
-53.100000000000
-53.666086956522
-57.609565217391
-60.428695652174
-63.328695652174
-64.949565217391
-63.287826086957
-61.940869565217
-64.191304347826
-60.346086956522
-58.372173913043
-55.827826086957
-53.029565217391
-50.340000000000
-48.746086956522
-45.369565217391
-40.957391304348
-37.428695652174
-33.747826086957
-30.514782608696
-26.648695652174
-24.377391304348
-22.411304347826
-24.199130434783
-22.415652173913
-24.753913043478
-24.393043478261
-23.399130434783
-23.666086956522
-20.586956521739
-23.014782608696
-23.030434782609
-22.807826086957
-18.780869565217
-17.383478260870
-12.213913043478
-5.779130434783
-0.480000000000
2.937391304348
8.649565217391
9.660000000000
6.206086956522
2.353043478261
-2.725217391304
-10.349565217391
-12.116521739130
-16.947826086957
-16.775652173913
-18.847826086957
-16.593043478261
-15.573043478261
-17.176521739130
-16.538260869565
-16.564347826087
-15.385217391304
-16.746086956522
-18.338260869565
-20.084347826087
-18.368695652174
-19.960869565217
-25.490434782609
-27.230434782609
-32.564347826087
-38.020000000000
-42.130434782609
-46.989565217391
-49.471304347826
-52.283478260870
-57.302608695652
-59.215652173913
-60.547826086957
-58.746956521739
-58.617391304348
-54.252173913043
-51.960869565217
-49.475652173913
-47.988695652174
-43.077391304348
-37.100000000000
-33.180869565217
-28.330434782609
-25.264347826087
-20.898260869565
-16.147826086957
-11.680869565217
-11.331304347826
-11.388695652174
-13.120869565217
-13.886086956522
-12.940869565217
-13.146086956522
-14.095652173913
-12.109565217391
-11.399130434783
-17.196521739130
-18.713043478261
-18.773913043478
-17.452173913043
-14.363478260870
-13.005217391304
-7.624347826087
-0.528695652174
3.779130434783
8.935652173913
14.293043478261
8.513043478261
3.189565217391
-4.233043478261
-6.202608695652
-8.727826086957
-11.452173913043
-12.021739130435
-10.776521739130
-8.884347826087
-6.840869565217
-4.582608695652
-4.781739130435
-2.875652173913
-2.671304347826
-3.686956521739
-5.043478260870
-6.704347826087
-7.606956521739
-8.696521739130
-11.366086956522
-14.466086956522
-20.678260869565
-26.488695652174
-30.804347826087
-35.613043478261
-42.605217391304
-45.749565217391
-44.690434782609
-51.282608695652
-53.002608695652
-54.216521739130
-53.380869565217
-49.264347826087
-46.211304347826
-40.098260869565
-36.127826086957
-31.220869565217
-23.260000000000
-18.769565217391
-13.074782608696
-9.321739130435
-2.355652173913
-0.030434782609
1.075652173913
3.748695652174
4.613043478261
2.474782608696
1.862608695652
0.212173913043
-2.334782608696
-3.084347826087
-5.022608695652
-6.693913043478
-8.400000000000
-10.248695652174
-11.324347826087
-15.553043478261
-13.021739130435
-11.925217391304
-6.546086956522
-1.626956521739
3.974782608696
9.867826086957
13.822608695652
10.328695652174
2.906956521739
0.869565217391
-0.453913043478
-5.857391304348
-6.577391304348
-7.921739130435
-5.639130434783
-3.995652173913
-0.089565217391
1.880000000000
4.580000000000
6.685217391304
9.560869565217
10.395652173913
12.580000000000
13.002608695652
9.271304347826
4.925217391304
1.095652173913
-2.818260869565
-7.016521739130
-14.950434782609
-19.132173913043
-24.610434782609
-28.616521739130
-32.241739130435
-35.447826086957
-39.980869565217
-46.572173913043
-46.494782608696
-45.433913043478
-40.379130434783
-35.300000000000
-31.245217391304
-21.932173913043
-17.009565217391
-11.981739130435
-3.381739130435
0.469565217391
7.430434782609
10.250434782609
14.550434782609
17.460869565217
16.593043478261
16.433043478261
15.913913043478
15.044347826087
8.674782608696
7.767826086957
6.185217391304
6.506956521739
2.990434782609
-0.382608695652
-1.470434782609
-4.489565217391
-7.455652173913
-10.149565217391
-8.058260869565
-4.332173913043
-3.873043478261
1.973913043478
6.713043478261
12.853043478261
9.580869565217
3.633043478261
1.863478260870
-2.753913043478
-4.574782608696
-3.622608695652
-0.579130434783
0.163478260870
6.305217391304
6.998260869565
10.378260869565
11.396521739130
14.369565217391
19.106956521739
18.998260869565
23.023478260870
24.758260869565
24.959130434783
23.936521739130
20.746956521739
17.653043478261
13.096521739130
8.153043478261
1.273913043478
-5.425217391304
-12.629565217391
-18.856521739130
-21.984347826087
-32.467826086957
-33.100000000000
-36.696521739130
-39.525217391304
-32.595652173913
-27.102608695652
-21.160000000000
-10.823478260870
-3.929565217391
2.160000000000
7.736521739130
13.602608695652
17.880000000000
24.626086956522
27.846956521739
28.034782608696
28.065217391304
30.081739130435
27.486956521739
23.341739130435
19.318260869565
14.003478260870
14.040869565217
8.539130434783
7.374782608696
3.050434782609
4.261739130435
-1.485217391304
-3.385217391304
-7.076521739130
-7.072173913043
-5.126086956522
-3.879130434783
3.981739130435
8.259130434783
11.104347826087
6.963478260870
4.540869565217
2.964347826087
-2.187826086957
-2.043478260870
-3.601739130435
2.075652173913
3.928695652174
6.787826086957
9.971304347826
12.015652173913
16.771304347826
19.880869565217
23.837391304348
28.846086956522
31.180000000000
33.538260869565
34.580000000000
36.234782608696
39.882608695652
37.100869565217
35.117391304348
27.381739130435
22.314782608696
14.326956521739
3.400869565217
-4.318260869565
-7.716521739130
-15.356521739130
-19.325217391304
-26.718260869565
-27.844347826087
-26.771304347826
-20.267826086957
-12.733043478261
2.538260869565
7.837391304348
16.643478260870
24.300000000000
30.280000000000
36.109565217391
37.343478260870
41.050434782609
41.460869565217
44.197391304348
40.994782608696
40.020000000000
39.586956521739
33.575652173913
31.099130434783
24.531304347826
17.070434782609
14.690434782609
10.274782608696
8.559130434783
5.670434782609
0.078260869565
-1.550434782609
-1.815652173913
-2.945217391304
-3.890434782609
2.220869565217
6.824347826087
10.574782608696
5.673913043478
4.760869565217
3.334782608696
1.266086956522
1.147826086957
2.381739130435
3.272173913043
8.280869565217
10.632173913043
12.583478260870
14.881739130435
19.236521739130
19.827826086957
23.313913043478
26.110434782609
32.951304347826
37.800869565217
38.695652173913
41.111304347826
41.658260869565
43.618260869565
42.729565217391
39.823478260870
33.379130434783
28.833913043478
22.359130434783
12.334782608696
0.731304347826
-1.588695652174
-11.757391304348
-16.274782608696
-22.416521739130
-20.438260869565
-14.684347826087
-7.113043478261
8.079130434783
17.078260869565
24.506956521739
32.338260869565
36.852173913043
41.902608695652
43.143478260870
47.503478260870
47.854782608696
47.920000000000
46.851304347826
45.546956521739
42.706956521739
41.510434782609
36.174782608696
31.180000000000
25.810434782609
20.498260869565
15.018260869565
13.821739130435
9.680000000000
9.363478260870
2.938260869565
0.638260869565
1.731304347826
-1.256521739130
0.613913043478
6.365217391304
12.867826086957
6.710434782609
2.852173913043
3.963478260870
3.078260869565
0.902608695652
1.917391304348
5.640869565217
9.960869565217
14.651304347826
18.133913043478
17.073913043478
19.121739130435
25.685217391304
27.098260869565
31.406956521739
33.763478260870
37.482608695652
40.412173913043
45.298260869565
48.726956521739
48.602608695652
49.177391304348
46.420869565217
42.259130434783
38.545217391304
29.225217391304
28.031304347826
14.404347826087
3.543478260870
-8.640000000000
-19.453913043478
-19.742608695652
-17.082608695652
-13.950434782609
-3.866086956522
13.651304347826
24.097391304348
35.626956521739
42.653913043478
44.623478260870
48.977391304348
50.236521739130
49.140000000000
50.850434782609
48.405217391304
46.144347826087
44.765217391304
42.173913043478
40.310434782609
39.410434782609
36.082608695652
31.573043478261
23.372173913043
18.481739130435
16.484347826087
12.653913043478
7.989565217391
5.699130434783
3.750434782609
-0.633913043478
-1.335652173913
2.197391304348
6.669565217391
9.019130434783
5.153913043478
5.769565217391
4.380869565217
5.306086956522
4.895652173913
5.154782608696
4.907826086957
11.822608695652
14.624347826087
20.659130434783
22.838260869565
29.111304347826
31.636521739130
36.418260869565
37.935652173913
39.605217391304
45.469565217391
47.690434782609
50.420869565217
52.075652173913
49.489565217391
50.063478260870
49.093043478261
48.170434782609
44.083478260870
37.480869565217
30.445217391304
17.120869565217
2.880000000000
-10.631304347826
-22.977391304348
-26.759130434783
-22.488695652174
-18.105217391304
-4.101739130435
12.924347826087
28.566956521739
41.969565217391
45.701739130435
49.856521739130
53.170434782609
53.227826086957
50.491304347826
50.320869565217
47.553043478261
45.124347826087
43.432173913043
41.084347826087
37.252173913043
34.410434782609
31.173913043478
28.810434782609
24.933913043478
23.207826086957
18.340869565217
13.600869565217
8.854782608696
6.018260869565
4.607826086957
0.274782608696
-2.740000000000
-1.053043478261
2.799130434783
9.091304347826
3.745217391304
5.657391304348
5.440869565217
2.276521739130
2.868695652174
3.457391304348
1.878260869565
7.776521739130
14.908695652174
18.912173913043
25.887826086957
29.942608695652
37.796521739130
39.814782608696
42.204347826087
46.413043478261
48.889565217391
50.887826086957
49.820000000000
51.085217391304
49.890434782609
50.839130434783
50.368695652174
48.837391304348
43.740869565217
40.326086956522
31.277391304348
16.437391304348
-0.727826086957
-15.986086956522
-26.794782608696
-31.093043478261
-26.023478260870
-19.373043478261
-3.840000000000
11.436521739130
29.078260869565
42.273043478261
46.265217391304
51.447826086957
50.698260869565
50.590434782609
50.770434782609
47.029565217391
47.467826086957
47.435652173913
43.378260869565
39.861739130435
35.685217391304
34.609565217391
30.354782608696
23.631304347826
19.857391304348
20.141739130435
14.297391304348
9.593043478261
5.162608695652
6.994782608696
3.792173913043
-1.847826086957
-6.280000000000
-3.956521739130
-2.630434782609
6.851304347826
3.322608695652
3.943478260870
2.057391304348
-1.585217391304
-0.360000000000
2.061739130435
3.672173913043
4.084347826087
12.684347826087
21.956521739130
27.085217391304
31.807826086957
36.560869565217
42.610434782609
45.691304347826
48.006086956522
50.218260869565
50.900869565217
48.645217391304
49.203478260870
49.921739130435
49.150434782609
48.600000000000
47.186086956522
40.806956521739
36.061739130435
27.874782608696
14.704347826087
-4.546086956522
-19.348695652174
-29.331304347826
-38.220000000000
-30.426956521739
-22.228695652174
-6.159130434783
9.972173913043
23.533043478261
37.155652173913
43.107826086957
47.893043478261
48.502608695652
47.594782608696
45.821739130435
46.439130434783
43.762608695652
41.953043478261
39.097391304348
36.437391304348
35.934782608696
34.751304347826
29.092173913043
22.341739130435
17.202608695652
18.113913043478
13.179130434783
9.073913043478
6.279130434783
1.669565217391
-2.726086956522
-7.086956521739
-8.158260869565
-8.233043478261
-5.013043478261
4.860869565217
1.846086956522
-0.793913043478
-0.173913043478
-1.701739130435
-0.776521739130
5.322608695652
6.274782608696
6.551304347826
15.929565217391
19.800869565217
24.419130434783
28.040000000000
34.666956521739
37.040000000000
38.628695652174
42.606086956522
44.458260869565
43.705217391304
45.160000000000
46.564347826087
42.613043478261
44.943478260870
44.860869565217
38.602608695652
33.920000000000
29.820869565217
23.433043478261
9.745217391304
-11.736521739130
-25.802608695652
-34.601739130435
-40.940869565217
-35.036521739130
-28.748695652174
-13.669565217391
1.493913043478
14.913913043478
29.482608695652
38.484347826087
40.773913043478
40.377391304348
41.784347826087
40.138260869565
39.254782608696
38.053913043478
33.464347826087
32.862608695652
29.310434782609
27.809565217391
27.383478260870
22.426956521739
19.520869565217
17.852173913043
11.926086956522
8.935652173913
2.913913043478
-3.094782608696
-5.776521739130
-9.946086956522
-14.925217391304
-11.688695652174
-9.357391304348
-8.139130434783
3.006086956522
-3.452173913043
-4.354782608696
-3.403478260870
-4.563478260870
-5.657391304348
1.774782608696
4.318260869565
4.441739130435
11.457391304348
21.808695652174
22.415652173913
23.513043478261
28.385217391304
30.119130434783
32.339130434783
34.676521739130
37.545217391304
39.400000000000
40.399130434783
37.991304347826
33.454782608696
34.700869565217
32.543478260870
29.061739130435
25.418260869565
20.080000000000
13.813043478261
-0.591304347826
-17.323478260870
-29.273043478261
-39.520869565217
-43.663478260870
-41.938260869565
-34.884347826087
-20.181739130435
-1.866956521739
7.709565217391
16.121739130435
23.137391304348
26.728695652174
28.233913043478
29.421739130435
27.240000000000
23.602608695652
25.545217391304
24.582608695652
24.141739130435
21.478260869565
18.491304347826
14.749565217391
14.126086956522
11.100000000000
8.583478260870
6.271304347826
2.718260869565
-1.540869565217
-5.575652173913
-10.236521739130
-15.998260869565
-17.306086956522
-15.946956521739
-13.948695652174
-9.415652173913
0.046956521739
-4.884347826087
-8.282608695652
-10.278260869565
-9.275652173913
-8.982608695652
-4.688695652174
-2.993043478261
-2.705217391304
2.436521739130
9.471304347826
12.780869565217
15.438260869565
15.257391304348
15.229565217391
17.728695652174
22.276521739130
22.304347826087
23.048695652174
23.473913043478
21.835652173913
20.069565217391
23.110434782609
17.391304347826
13.062608695652
8.711304347826
4.194782608696
-4.311304347826
-13.551304347826
-27.175652173913
-38.673913043478
-49.138260869565
-53.255652173913
-50.426086956522
-42.820869565217
-33.005217391304
-20.839130434783
-6.689565217391
-1.860000000000
7.560869565217
9.320000000000
12.184347826087
13.955652173913
9.239130434783
4.840000000000
8.163478260870
9.352173913043
6.265217391304
4.402608695652
0.794782608696
-1.213913043478
-4.559130434783
-5.433913043478
-3.717391304348
-5.166086956522
-8.961739130435
-12.708695652174
-15.833913043478
-19.641739130435
-24.595652173913
-24.464347826087
-21.560869565217
-19.139130434783
-12.832173913043
-1.256521739130
-7.031304347826
-7.693043478261
-13.619130434783
-17.831304347826
-17.711304347826
-16.116521739130
-11.053913043478
-9.666086956522
-5.532173913043
0.384347826087
1.559130434783
0.953043478261
-2.553913043478
-2.415652173913
2.029565217391
6.588695652174
9.700869565217
8.575652173913
7.944347826087
3.534782608696
5.440869565217
4.679130434783
4.280000000000
1.794782608696
-3.510434782609
-6.887826086957
-15.776521739130
-22.566086956522
-34.217391304348
-45.197391304348
-50.985217391304
-53.920869565217
-53.935652173913
-48.824347826087
-40.403478260870
-30.759130434783
-21.730434782609
-15.632173913043
-7.946086956522
-7.340869565217
-2.880000000000
-2.713913043478
-2.707826086957
-4.581739130435
-4.224347826087
-3.538260869565
-6.870434782609
-12.037391304348
-14.437391304348
-16.728695652174
-14.335652173913
-13.824347826087
-14.713043478261
-18.010434782609
-23.653913043478
-25.585217391304
-25.683478260870
-28.588695652174
-29.558260869565
-30.213043478261
-25.673043478261
-22.828695652174
-17.980000000000
-5.736521739130
-8.295652173913
-14.391304347826
-16.207826086957
-21.180000000000
-20.552173913043
-20.883478260870
-19.315652173913
-16.833913043478
-16.494782608696
-13.515652173913
-10.144347826087
-16.156521739130
-19.583478260870
-17.715652173913
-17.192173913043
-13.360000000000
-9.446086956522
-8.692173913043
-6.709565217391
-9.165217391304
-8.968695652174
-9.430434782609
-9.861739130435
-13.149565217391
-16.558260869565
-23.337391304348
-23.199130434783
-29.574782608696
-41.238260869565
-49.809565217391
-52.795652173913
-58.508695652174
-55.797391304348
-54.843478260870
-47.250434782609
-38.905217391304
-32.997391304348
-28.386086956522
-21.938260869565
-17.293043478261
-20.623478260870
-16.578260869565
-14.635652173913
-15.724347826087
-17.629565217391
-19.093913043478
-20.480869565217
-23.403478260870
-26.263478260870
-29.913043478261
-31.010434782609
-26.644347826087
-26.481739130435
-26.825217391304
-30.614782608696
-30.821739130435
-30.113913043478
-34.121739130435
-34.572173913043
-35.020869565217
-30.483478260870
-26.142608695652
-23.460869565217
-8.564347826087
-13.033913043478
-16.473043478261
-21.303478260870
-27.581739130435
-25.786956521739
-25.186956521739
-28.085217391304
-28.849565217391
-28.307826086957
-28.129565217391
-26.064347826087
-28.535652173913
-30.074782608696
-32.823478260870
-33.659130434783
-27.697391304348
-26.707826086957
-23.460000000000
-22.016521739130
-24.080869565217
-24.589565217391
-21.887826086957
-22.444347826087
-26.401739130435
-28.405217391304
-30.190434782609
-29.313043478261
-36.773043478261
-45.371304347826
-51.980000000000
-55.167826086957
-59.586956521739
-59.580000000000
-55.293043478261
-50.998260869565
-46.006086956522
-40.390434782609
-36.357391304348
-31.543478260870
-29.066086956522
-32.500869565217
-28.483478260870
-30.226956521739
-26.964347826087
-27.322608695652
-31.017391304348
-31.686086956522
-36.279130434783
-37.864347826087
-40.089565217391
-39.515652173913
-41.113043478261
-37.757391304348
-38.480869565217
-39.590434782609
-38.872173913043
-37.651304347826
-39.305217391304
-41.485217391304
-37.316521739130
-36.080869565217
-29.875652173913
-25.785217391304
-9.926956521739
-14.864347826087
-21.042608695652
-26.009565217391
-29.660869565217
-34.200869565217
-36.726086956522
-34.806086956522
-38.062608695652
-36.999130434783
-38.483478260870
-38.149565217391
-39.609565217391
-39.325217391304
-39.166086956522
-39.238260869565
-36.466086956522
-34.917391304348
-32.728695652174
-32.293913043478
-31.023478260870
-32.668695652174
-33.092173913043
-37.488695652174
-38.338260869565
-37.276521739130
-36.527826086957
-35.402608695652
-42.310434782609
-47.266956521739
-52.976521739130
-58.060000000000
-62.913043478261
-59.417391304348
-55.805217391304
-51.056521739130
-49.453913043478
-44.934782608696
-42.171304347826
-38.773043478261
-38.736521739130
-40.120000000000
-39.255652173913
-38.951304347826
-39.746086956522
-39.244347826087
-41.836521739130
-43.540000000000
-43.767826086957
-46.940000000000
-49.220869565217
-49.135652173913
-50.766956521739
-48.950434782609
-46.973913043478
-46.269565217391
-45.426956521739
-45.770434782609
-44.048695652174
-42.253913043478
-39.839130434783
-37.354782608696
-29.894782608696
-25.428695652174
-10.686956521739
-16.215652173913
-22.596521739130
-29.445217391304
-34.480000000000
-38.762608695652
-42.836521739130
-46.608695652174
-49.555652173913
-48.046956521739
-48.251304347826
-49.342608695652
-47.309565217391
-48.314782608696
-47.193913043478
-46.682608695652
-48.182608695652
-46.800869565217
-45.335652173913
-42.800000000000
-43.940869565217
-46.663478260870
-47.747826086957
-48.414782608696
-46.651304347826
-42.169565217391
-42.643478260870
-41.081739130435
-44.637391304348
-48.330434782609
-54.138260869565
-57.680000000000
-61.079130434783
-58.863478260870
-55.389565217391
-51.532173913043
-48.950434782609
-49.587826086957
-44.331304347826
-44.603478260870
-44.105217391304
-47.144347826087
-47.661739130435
-49.073913043478
-49.131304347826
-48.798260869565
-49.593043478261
-48.290434782609
-51.033913043478
-53.895652173913
-54.859130434783
-55.157391304348
-54.906956521739
-56.290434782609
-55.769565217391
-55.520000000000
-57.539130434783
-51.826956521739
-50.688695652174
-47.812173913043
-43.547826086957
-37.780000000000
-28.953913043478
-26.556521739130
-9.437391304348
-15.443478260870
-22.946086956522
-31.396521739130
-35.990434782609
-41.292173913043
-46.172173913043
-48.661739130435
-51.473913043478
-55.047826086957
-56.323478260870
-57.325217391304
-57.066956521739
-56.326956521739
-54.973043478261
-54.119130434783
-52.289565217391
-51.078260869565
-53.488695652174
-52.913043478261
-53.557391304348
-55.708695652174
-54.026086956522
-50.580000000000
-49.763478260870
-45.630434782609
-42.723478260870
-45.785217391304
-49.726086956522
-49.683478260870
-53.682608695652
-57.119130434783
-59.207826086957
-58.948695652174
-56.577391304348
-55.059130434783
-52.810434782609
-50.819130434783
-49.711304347826
-49.084347826087
-50.384347826087
-50.179130434783
-52.993043478261
-54.430434782609
-55.884347826087
-56.356521739130
-55.300000000000
-54.363478260870
-56.784347826087
-59.215652173913
-59.680000000000
-58.610434782609
-61.173913043478
-59.591304347826
-59.647826086957
-59.016521739130
-55.846956521739
-53.183478260870
-49.904347826087
-49.210434782609
-44.546956521739
-37.487826086957
-30.169565217391
-24.261739130435
-8.580000000000
-16.420869565217
-20.867826086957
-31.720869565217
-39.292173913043
-44.985217391304
-47.174782608696
-52.520000000000
-55.620869565217
-57.046956521739
-57.910434782609
-59.986086956522
-61.848695652174
-60.058260869565
-58.380000000000
-56.821739130435
-57.862608695652
-58.131304347826
-59.701739130435
-59.081739130435
-57.517391304348
-57.122608695652
-53.660000000000
-50.276521739130
-47.587826086957
-48.706956521739
-44.279130434783
-46.718260869565
-50.720000000000
-50.361739130435
-54.359130434783
-57.673913043478
-58.150434782609
-59.037391304348
-58.621739130435
-55.049565217391
-54.343478260870
-53.508695652174
-50.571304347826
-50.453913043478
-50.656521739130
-51.854782608696
-52.147826086957
-55.153043478261
-56.600869565217
-61.340000000000
-62.031304347826
-61.242608695652
-63.402608695652
-63.682608695652
-63.838260869565
-63.733913043478
-63.477391304348
-61.756521739130
-58.646086956522
-55.959130434783
-55.566086956522
-52.227826086957
-51.397391304348
-47.637391304348
-41.429565217391
-34.404347826087
-29.226956521739
-23.567826086957
-8.314782608696
-13.658260869565
-21.098260869565
-29.160000000000
-36.440869565217
-44.596521739130
-46.071304347826
-53.701739130435
-59.189565217391
-58.687826086957
-61.662608695652
-61.220869565217
-62.081739130435
-62.106956521739
-63.053913043478
-61.471304347826
-62.485217391304
-62.303478260870
-59.677391304348
-59.623478260870
-56.925217391304
-55.833043478261
-53.636521739130
-49.280000000000
-49.689565217391
-49.980869565217
-49.328695652174
-50.513913043478
-51.466086956522
-53.259130434783
-55.709565217391
-57.795652173913
-58.402608695652
-59.394782608696
-59.426956521739
-55.793913043478
-53.755652173913
-53.176521739130
-53.012173913043
-51.259130434783
-51.433913043478
-52.454782608696
-51.406086956522
-53.700000000000
-55.384347826087
-59.290434782609
-63.909565217391
-63.160869565217
-63.015652173913
-63.876521739130
-62.953043478261
-62.719130434783
-63.608695652174
-61.679130434783
-59.958260869565
-58.120869565217
-57.288695652174
-52.935652173913
-49.246086956522
-43.786956521739
-40.381739130435
-33.015652173913
-26.316521739130
-21.409565217391
-5.949565217391
-8.651304347826
-18.646956521739
-26.215652173913
-33.098260869565
-43.797391304348
-49.731304347826
-52.973043478261
-57.048695652174
-57.713913043478
-59.866956521739
-61.288695652174
-61.248695652174
-64.125217391304
-64.313913043478
-62.548695652174
-62.324347826087
-62.693913043478
-62.071304347826
-59.176521739130
-60.099130434783
-52.643478260870
-52.105217391304
-49.500000000000
-47.226086956522
-46.732173913043
-46.413913043478
-48.940869565217
-52.142608695652
-56.269565217391
-55.923478260870
-57.182608695652
-57.818260869565
-59.529565217391
-59.905217391304
-55.937391304348
-53.856521739130
-53.441739130435
-53.257391304348
-50.289565217391
-50.624347826087
-50.620000000000
-50.293043478261
-50.571304347826
-55.316521739130
-58.084347826087
-59.588695652174
-60.900000000000
-63.197391304348
-64.787826086957
-64.105217391304
-64.772173913043
-63.373913043478
-62.023478260870
-62.273913043478
-60.017391304348
-57.581739130435
-55.015652173913
-48.541739130435
-43.056521739130
-37.758260869565
-31.830434782609
-25.446086956522
-18.375652173913
-2.724347826087
-8.092173913043
-15.804347826087
-22.622608695652
-29.545217391304
-40.169565217391
-47.235652173913
-50.614782608696
-55.321739130435
-56.797391304348
-59.987826086957
-61.007826086957
-61.459130434783
-63.624347826087
-62.177391304348
-62.643478260870
-62.212173913043
-62.822608695652
-61.548695652174
-59.181739130435
-55.674782608696
-51.115652173913
-47.206956521739
-44.670434782609
-41.831304347826
-44.191304347826
-44.987826086957
-47.349565217391
-53.679130434783
-58.405217391304
-58.229565217391
-59.345217391304
-61.059130434783
-60.915652173913
-58.754782608696
-56.520869565217
-53.825217391304
-51.110434782609
-46.968695652174
-44.879130434783
-46.130434782609
-45.961739130435
-43.938260869565
-48.952173913043
-52.012173913043
-54.422608695652
-58.453043478261
-60.293043478261
-61.341739130435
-62.621739130435
-64.014782608696
-65.339130434783
-64.253043478261
-63.169565217391
-59.987826086957
-57.950434782609
-54.759130434783
-52.355652173913
-48.031304347826
-41.191304347826
-34.246086956522
-28.193043478261
-21.985217391304
-12.026956521739
-0.673043478261
-7.480000000000
-15.885217391304
-21.826086956522
-25.153043478261
-34.500869565217
-41.292173913043
-49.268695652174
-53.027826086957
-55.603478260870
-59.708695652174
-62.283478260870
-63.754782608696
-61.999130434783
-63.322608695652
-62.398260869565
-62.207826086957
-62.040000000000
-60.038260869565
-57.933043478261
-53.757391304348
-47.862608695652
-41.873043478261
-38.496521739130
-39.882608695652
-38.685217391304
-43.991304347826
-47.973913043478
-50.991304347826
-57.719130434783
-58.000000000000
-60.982608695652
-61.338260869565
-63.814782608696
-61.253043478261
-58.038260869565
-54.065217391304
-49.463478260870
-48.765217391304
-42.799130434783
-41.641739130435
-44.246956521739
-43.484347826087
-44.426956521739
-48.780000000000
-54.059130434783
-56.718260869565
-57.194782608696
-59.756521739130
-60.084347826087
-61.446086956522
-62.567826086957
-64.247826086957
-63.286956521739
-61.643478260870
-57.544347826087
-51.566086956522
-48.626956521739
-44.535652173913
-37.860000000000
-33.822608695652
-25.064347826087
-15.480000000000
-10.500000000000
0.442608695652
-5.470434782609
-12.946956521739
-18.948695652174
-21.780000000000
-29.186956521739
-38.654782608696
-46.153043478261
-51.149565217391
-54.786086956522
-61.212173913043
-61.726956521739
-63.006956521739
-61.972173913043
-62.282608695652
-62.220869565217
-60.446086956522
-60.135652173913
-57.860000000000
-54.647826086957
-49.841739130435
-41.228695652174
-36.295652173913
-34.080000000000
-36.338260869565
-38.427826086957
-42.215652173913
-45.560000000000
-48.683478260870
-55.939130434783
-58.147826086957
-62.585217391304
-63.213913043478
-63.499130434783
-60.640000000000
-57.434782608696
-52.855652173913
-49.186956521739
-47.990434782609
-43.811304347826
-40.015652173913
-39.333043478261
-38.521739130435
-45.013043478261
-45.368695652174
-51.455652173913
-56.647826086957
-57.901739130435
-59.012173913043
-62.102608695652
-62.860000000000
-61.693043478261
-61.758260869565
-61.543478260870
-58.697391304348
-54.098260869565
-51.192173913043
-46.184347826087
-39.949565217391
-33.802608695652
-29.336521739130
-22.118260869565
-16.594782608696
-9.047826086957
1.975652173913
-2.226086956522
-8.633913043478
-13.995652173913
-20.713913043478
-26.559130434783
-34.152173913043
-41.064347826087
-48.126956521739
-53.993913043478
-59.860869565217
-61.244347826087
-62.255652173913
-62.083478260870
-64.106086956522
-62.770434782609
-61.081739130435
-57.340869565217
-53.959130434783
-49.522608695652
-41.200869565217
-34.874782608696
-30.720000000000
-33.605217391304
-31.260000000000
-38.427826086957
-39.113043478261
-43.468695652174
-45.386086956522
-52.361739130435
-54.913913043478
-59.061739130435
-60.465217391304
-59.807826086957
-58.150434782609
-53.897391304348
-51.726956521739
-50.379130434783
-45.917391304348
-44.494782608696
-35.724347826087
-34.193043478261
-36.252173913043
-36.163478260870
-38.480000000000
-44.731304347826
-51.673043478261
-54.846956521739
-58.838260869565
-58.954782608696
-61.188695652174
-59.553043478261
-58.198260869565
-57.543478260870
-56.476521739130
-52.054782608696
-48.180869565217
-43.633043478261
-37.565217391304
-31.698260869565
-25.798260869565
-19.600000000000
-14.951304347826
-9.568695652174
4.100000000000
0.301739130435
-6.660869565217
-8.413043478261
-13.846956521739
-26.313043478261
-33.037391304348
-38.680000000000
-45.226086956522
-50.665217391304
-57.447826086957
-59.563478260870
-61.580000000000
-62.961739130435
-62.460000000000
-60.729565217391
-58.118260869565
-56.736521739130
-51.489565217391
-42.031304347826
-35.938260869565
-27.437391304348
-28.303478260870
-31.151304347826
-28.732173913043
-36.544347826087
-39.780869565217
-41.285217391304
-42.860869565217
-46.702608695652
-50.080869565217
-51.858260869565
-54.494782608696
-54.299130434783
-52.727826086957
-49.147826086957
-45.829565217391
-46.668695652174
-43.394782608696
-39.320869565217
-33.461739130435
-33.000000000000
-29.122608695652
-32.520000000000
-34.094782608696
-37.853043478261
-47.086086956522
-50.537391304348
-55.273043478261
-57.105217391304
-57.410434782609
-57.614782608696
-57.161739130435
-56.271304347826
-53.157391304348
-49.604347826087
-47.553043478261
-43.266956521739
-35.613913043478
-28.634782608696
-21.953913043478
-17.564347826087
-12.932173913043
-8.730434782609
4.578260869565
2.653913043478
-0.568695652174
-2.671304347826
-9.741739130435
-18.630434782609
-31.116521739130
-35.181739130435
-42.186956521739
-49.056521739130
-54.540869565217
-59.754782608696
-60.820869565217
-60.780869565217
-60.390434782609
-57.850434782609
-53.921739130435
-50.162608695652
-40.600000000000
-35.636521739130
-26.840000000000
-23.560869565217
-24.643478260870
-25.773043478261
-30.539130434783
-30.084347826087
-34.439130434783
-35.345217391304
-37.697391304348
-41.095652173913
-44.941739130435
-43.764347826087
-42.169565217391
-42.242608695652
-42.113913043478
-39.311304347826
-35.293913043478
-37.211304347826
-32.656521739130
-30.758260869565
-27.187826086957
-26.593913043478
-24.078260869565
-22.716521739130
-26.417391304348
-29.654782608696
-38.829565217391
-43.907826086957
-48.587826086957
-51.337391304348
-55.692173913043
-55.160869565217
-53.550434782609
-53.597391304348
-50.210434782609
-46.433913043478
-43.856521739130
-38.279130434783
-31.691304347826
-23.207826086957
-18.923478260870
-13.410434782609
-9.646956521739
-6.508695652174
6.753913043478
4.163478260870
1.223478260870
-2.406086956522
-5.020869565217
-12.771304347826
-25.133913043478
-30.322608695652
-36.415652173913
-43.201739130435
-48.640000000000
-54.650434782609
-58.730434782609
-57.162608695652
-56.431304347826
-53.326956521739
-48.954782608696
-42.378260869565
-36.572173913043
-28.453043478261
-19.536521739130
-17.927826086957
-18.991304347826
-17.457391304348
-20.257391304348
-21.200869565217
-26.740869565217
-26.320869565217
-28.665217391304
-30.366956521739
-30.805217391304
-34.286956521739
-37.252173913043
-33.839130434783
-28.929565217391
-29.900000000000
-27.031304347826
-24.454782608696
-23.258260869565
-16.794782608696
-14.442608695652
-14.862608695652
-16.223478260870
-16.691304347826
-18.802608695652
-27.232173913043
-30.929565217391
-38.453913043478
-43.494782608696
-46.653043478261
-49.360000000000
-51.515652173913
-50.371304347826
-50.843478260870
-46.833913043478
-43.692173913043
-39.230434782609
-33.463478260870
-27.862608695652
-21.726956521739
-13.998260869565
-12.212173913043
-9.352173913043
-3.066086956522
8.253913043478
5.406086956522
4.336521739130
0.865217391304
-2.844347826087
-7.077391304348
-17.853913043478
-26.178260869565
-32.965217391304
-37.412173913043
-44.837391304348
-50.524347826087
-51.280869565217
-51.433043478261
-49.861739130435
-46.103478260870
-41.226956521739
-37.733913043478
-30.246956521739
-21.418260869565
-16.026956521739
-13.222608695652
-8.961739130435
-6.836521739130
-9.957391304348
-6.583478260870
-10.158260869565
-13.120869565217
-9.587826086957
-14.220869565217
-18.367826086957
-20.166086956522
-20.462608695652
-19.846956521739
-15.966086956522
-13.081739130435
-15.477391304348
-11.463478260870
-8.436521739130
-5.771304347826
-1.723478260870
-4.210434782609
-8.380000000000
-10.496521739130
-13.380869565217
-22.654782608696
-26.954782608696
-29.808695652174
-34.536521739130
-41.728695652174
-44.713913043478
-47.400000000000
-48.163478260870
-46.335652173913
-45.610434782609
-40.810434782609
-37.186956521739
-30.432173913043
-26.194782608696
-17.740869565217
-12.784347826087
-13.110434782609
-8.455652173913
-4.329565217391
9.431304347826
5.781739130435
5.925217391304
0.964347826087
-2.681739130435
-4.986956521739
-15.790434782609
-22.912173913043
-25.768695652174
-31.984347826087
-38.360869565217
-41.739130434783
-45.316521739130
-45.588695652174
-43.284347826087
-40.707826086957
-37.579130434783
-32.402608695652
-22.807826086957
-14.813913043478
-14.361739130435
-7.386956521739
-4.716521739130
-1.169565217391
4.872173913043
4.802608695652
7.316521739130
6.464347826087
3.835652173913
1.040869565217
0.784347826087
-3.274782608696
-0.217391304348
-0.064347826087
1.302608695652
0.573913043478
2.871304347826
6.495652173913
8.969565217391
6.453043478261
6.266956521739
0.615652173913
-4.086956521739
-10.514782608696
-12.186956521739
-17.331304347826
-25.842608695652
-27.905217391304
-30.937391304348
-34.422608695652
-38.501739130435
-42.580869565217
-43.518260869565
-42.542608695652
-39.885217391304
-36.870434782609
-33.441739130435
-28.938260869565
-23.158260869565
-15.922608695652
-11.273913043478
-9.800869565217
-6.856521739130
-2.880869565217
9.794782608696
6.486956521739
7.010434782609
2.647826086957
-0.493043478261
-4.089565217391
-8.985217391304
-16.291304347826
-18.774782608696
-27.433913043478
-32.527826086957
-35.742608695652
-39.097391304348
-39.980000000000
-39.585217391304
-38.267826086957
-35.557391304348
-28.414782608696
-18.736521739130
-13.780000000000
-11.257391304348
-5.384347826087
-3.882608695652
1.319130434783
5.440869565217
9.061739130435
14.026086956522
14.322608695652
13.377391304348
13.658260869565
14.322608695652
10.657391304348
11.638260869565
12.991304347826
12.284347826087
12.812173913043
12.640000000000
16.962608695652
16.648695652174
17.733043478261
12.035652173913
4.242608695652
-4.451304347826
-12.213043478261
-18.362608695652
-18.447826086957
-23.898260869565
-27.798260869565
-28.124347826087
-30.379130434783
-36.710434782609
-38.398260869565
-39.448695652174
-37.767826086957
-36.827826086957
-33.950434782609
-32.216521739130
-27.532173913043
-19.986956521739
-13.420869565217
-12.194782608696
-8.004347826087
-5.731304347826
-0.145217391304
9.426956521739
5.240000000000
5.273043478261
4.344347826087
-1.123478260870
-1.156521739130
-4.831304347826
-11.693913043478
-15.592173913043
-19.340000000000
-28.113043478261
-32.373043478261
-35.228695652174
-36.602608695652
-36.513043478261
-34.903478260870
-32.243478260870
-24.594782608696
-21.129565217391
-16.464347826087
-13.880000000000
-8.699130434783
-7.840000000000
0.344347826087
6.884347826087
10.962608695652
18.420000000000
16.303478260870
14.426086956522
17.894782608696
20.098260869565
19.882608695652
20.812173913043
21.953043478261
24.773913043478
23.297391304348
21.734782608696
21.799130434783
19.735652173913
15.319130434783
11.203478260870
1.026956521739
-6.961739130435
-16.014782608696
-22.089565217391
-25.424347826087
-24.907826086957
-24.980000000000
-25.501739130435
-28.730434782609
-31.117391304348
-34.763478260870
-35.232173913043
-35.404347826087
-31.873913043478
-28.630434782609
-26.900000000000
-24.375652173913
-18.526086956522
-11.619130434783
-11.771304347826
-7.302608695652
-6.149565217391
-0.528695652174
8.180000000000
6.588695652174
5.482608695652
5.153913043478
0.892173913043
-1.409565217391
-5.580869565217
-8.542608695652
-12.080869565217
-16.058260869565
-23.776521739130
-27.260000000000
-28.409565217391
-31.992173913043
-34.481739130435
-31.073913043478
-26.007826086957
-24.716521739130
-24.042608695652
-16.407826086957
-16.457391304348
-16.162608695652
-15.410434782609
-6.454782608696
-0.465217391304
6.382608695652
8.926086956522
12.708695652174
16.657391304348
19.151304347826
21.756521739130
19.540000000000
23.939130434783
23.524347826087
23.259130434783
22.748695652174
21.633043478261
19.366086956522
15.798260869565
11.825217391304
5.840869565217
-2.874782608696
-10.024347826087
-17.733913043478
-23.324347826087
-27.856521739130
-27.871304347826
-25.375652173913
-27.730434782609
-27.568695652174
-29.713043478261
-29.601739130435
-32.642608695652
-30.353043478261
-26.806086956522
-25.558260869565
-24.548695652174
-20.778260869565
-17.071304347826
-10.606086956522
-10.623478260870
-8.130434782609
-5.318260869565
-0.565217391304
8.212173913043
5.793913043478
5.689565217391
6.928695652174
4.649565217391
0.126086956522
-5.293913043478
-7.434782608696
-13.446956521739
-14.952173913043
-19.168695652174
-24.233913043478
-28.027826086957
-27.622608695652
-27.626956521739
-25.046956521739
-23.089565217391
-24.322608695652
-22.597391304348
-22.929565217391
-21.855652173913
-22.063478260870
-21.293913043478
-15.947826086957
-8.441739130435
-4.371304347826
0.531304347826
6.447826086957
9.043478260870
13.073043478261
17.561739130435
16.977391304348
18.181739130435
18.743478260870
15.528695652174
14.442608695652
12.658260869565
9.713913043478
4.855652173913
0.143478260870
-6.073043478261
-11.830434782609
-18.426086956522
-26.016521739130
-27.627826086957
-28.369565217391
-29.430434782609
-26.458260869565
-27.409565217391
-29.087826086957
-27.406956521739
-28.498260869565
-28.216521739130
-25.166086956522
-24.083478260870
-23.520000000000
-21.709565217391
-20.206956521739
-15.629565217391
-10.229565217391
-10.006086956522
-8.230434782609
-3.320000000000
1.106086956522
10.094782608696
7.310434782609
6.232173913043
6.590434782609
6.101739130435
0.032173913043
-4.349565217391
-7.155652173913
-10.407826086957
-10.923478260870
-14.683478260870
-19.406956521739
-24.554782608696
-23.570434782609
-24.020869565217
-21.731304347826
-20.648695652174
-21.531304347826
-24.570434782609
-25.567826086957
-26.560869565217
-26.913913043478
-23.825217391304
-21.996521739130
-21.237391304348
-14.633913043478
-11.148695652174
-8.355652173913
-5.266086956522
-3.126086956522
1.093043478261
1.646956521739
3.858260869565
3.628695652174
2.571304347826
1.705217391304
-0.824347826087
-8.023478260870
-9.296521739130
-12.470434782609
-16.466956521739
-23.978260869565
-23.271304347826
-26.373913043478
-26.007826086957
-28.315652173913
-29.480000000000
-27.808695652174
-26.360000000000
-27.786956521739
-26.965217391304
-26.532173913043
-22.853043478261
-23.800000000000
-22.187826086957
-22.353913043478
-20.646086956522
-17.065217391304
-12.200869565217
-8.489565217391
-10.433043478261
-10.175652173913
-3.606086956522
2.218260869565
11.243478260870
8.998260869565
7.166086956522
6.507826086957
5.765217391304
-0.551304347826
-1.990434782609
-5.976521739130
-9.464347826087
-8.642608695652
-14.716521739130
-17.089565217391
-22.807826086957
-22.116521739130
-19.987826086957
-20.634782608696
-21.357391304348
-18.523478260870
-22.635652173913
-26.765217391304
-29.599130434783
-28.914782608696
-30.198260869565
-30.039130434783
-29.225217391304
-26.351304347826
-21.075652173913
-20.091304347826
-18.836521739130
-18.289565217391
-11.976521739130
-12.006956521739
-12.610434782609
-9.617391304348
-9.178260869565
-10.252173913043
-12.726086956522
-17.191304347826
-21.828695652174
-23.480869565217
-23.593913043478
-27.670434782609
-27.913913043478
-29.403478260870
-28.663478260870
-27.046086956522
-26.960869565217
-28.153043478261
-26.517391304348
-25.561739130435
-24.753913043478
-23.627826086957
-21.251304347826
-21.613913043478
-20.505217391304
-22.226086956522
-20.066086956522
-17.029565217391
-12.405217391304
-7.936521739130
-7.520869565217
-7.611304347826
-5.256521739130
2.384347826087
10.819130434783
7.573913043478
6.253043478261
5.373913043478
5.372173913043
3.150434782609
-2.980000000000
-5.549565217391
-6.811304347826
-9.546086956522
-14.277391304348
-16.096521739130
-18.250434782609
-17.854782608696
-17.764347826087
-16.990434782609
-17.757391304348
-16.770434782609
-22.913043478261
-25.536521739130
-26.463478260870
-27.158260869565
-31.685217391304
-33.975652173913
-31.853043478261
-30.752173913043
-30.982608695652
-30.238260869565
-29.754782608696
-27.986956521739
-27.762608695652
-26.326086956522
-23.302608695652
-20.716521739130
-18.260000000000
-19.982608695652
-23.341739130435
-26.474782608696
-31.693913043478
-29.225217391304
-25.414782608696
-30.050434782609
-30.761739130435
-29.797391304348
-28.400000000000
-25.704347826087
-26.713913043478
-24.406086956522
-23.720000000000
-24.977391304348
-22.902608695652
-21.552173913043
-20.381739130435
-21.857391304348
-19.802608695652
-21.479130434783
-18.894782608696
-15.333043478261
-11.096521739130
-10.222608695652
-7.952173913043
-6.675652173913
-4.847826086957
2.681739130435
13.136521739130
10.055652173913
7.860869565217
5.372173913043
5.081739130435
4.448695652174
-1.394782608696
-3.260869565217
-4.801739130435
-9.649565217391
-9.701739130435
-14.700869565217
-16.232173913043
-16.131304347826
-16.644347826087
-14.919130434783
-13.706086956522
-16.392173913043
-20.589565217391
-24.074782608696
-23.840000000000
-25.925217391304
-29.448695652174
-32.877391304348
-33.879130434783
-34.196521739130
-32.609565217391
-33.606956521739
-32.649565217391
-32.383478260870
-31.076521739130
-29.492173913043
-28.484347826087
-26.904347826087
-26.164347826087
-29.676521739130
-27.894782608696
-31.607826086957
-33.437391304348
-32.423478260870
-29.420869565217
-28.677391304348
-27.905217391304
-25.482608695652
-24.924347826087
-23.598260869565
-22.693913043478
-20.615652173913
-19.252173913043
-17.702608695652
-20.926956521739
-20.020000000000
-18.973043478261
-20.160869565217
-20.601739130435
-21.157391304348
-22.045217391304
-13.706086956522
-10.178260869565
-12.355652173913
-8.179130434783
-6.898260869565
-2.727826086957
1.666086956522
14.244347826087
11.823478260870
8.860000000000
7.370434782609
6.335652173913
6.267826086957
0.282608695652
-3.153043478261
-4.666086956522
-6.952173913043
-9.842608695652
-12.390434782609
-14.293043478261
-16.076521739130
-13.867826086957
-11.793043478261
-12.902608695652
-14.057391304348
-17.163478260870
-19.173043478261
-21.711304347826
-22.906086956522
-27.154782608696
-28.529565217391
-30.146956521739
-30.266956521739
-32.172173913043
-33.706956521739
-33.856521739130
-32.700869565217
-32.218260869565
-32.585217391304
-31.346086956522
-29.419130434783
-31.086086956522
-28.915652173913
-32.112173913043
-29.845217391304
-31.608695652174
-31.093043478261
-29.869565217391
-29.410434782609
-26.666086956522
-23.612173913043
-19.681739130435
-19.196521739130
-17.547826086957
-16.533043478261
-13.912173913043
-16.331304347826
-18.159130434783
-17.918260869565
-18.951304347826
-18.386086956522
-20.550434782609
-21.066956521739
-20.440869565217
-14.568695652174
-10.222608695652
-11.440869565217
-8.223478260870
-5.768695652174
-1.053913043478
2.216521739130
17.148695652174
13.249565217391
9.627826086957
6.825217391304
6.108695652174
5.566086956522
2.241739130435
-1.825217391304
-5.500000000000
-9.540000000000
-9.873913043478
-11.424347826087
-13.799130434783
-13.875652173913
-11.960869565217
-10.001739130435
-9.836521739130
-11.709565217391
-9.077391304348
-14.999130434783
-13.664347826087
-13.365217391304
-15.188695652174
-21.787826086957
-25.633043478261
-25.714782608696
-25.879130434783
-27.606956521739
-28.293913043478
-29.947826086957
-29.993913043478
-27.501739130435
-28.053913043478
-26.618260869565
-29.906956521739
-27.477391304348
-27.626956521739
-26.350434782609
-23.419130434783
-23.534782608696
-23.040869565217
-21.848695652174
-19.388695652174
-16.244347826087
-12.480000000000
-11.533913043478
-12.043478260870
-12.220869565217
-11.862608695652
-13.033043478261
-14.884347826087
-15.598260869565
-16.391304347826
-18.734782608696
-20.332173913043
-22.174782608696
-20.654782608696
-15.567826086957
-13.469565217391
-11.573043478261
-6.848695652174
-6.306086956522
-0.699130434783
4.164347826087
17.286086956522
13.568695652174
12.480869565217
8.743478260870
6.528695652174
7.072173913043
5.843478260870
0.360000000000
-5.121739130435
-8.125217391304
-10.865217391304
-11.677391304348
-11.017391304348
-14.488695652174
-13.324347826087
-8.487826086957
-10.318260869565
-9.386086956522
-6.074782608696
-6.951304347826
-8.094782608696
-8.209565217391
-9.252173913043
-16.093043478261
-15.808695652174
-17.092173913043
-17.229565217391
-19.575652173913
-20.966086956522
-23.694782608696
-22.360000000000
-21.477391304348
-21.146086956522
-19.152173913043
-19.942608695652
-21.939130434783
-21.484347826087
-19.023478260870
-15.863478260870
-17.578260869565
-15.671304347826
-12.845217391304
-12.111304347826
-11.963478260870
-6.750434782609
-6.586956521739
-9.137391304348
-8.332173913043
-11.282608695652
-12.018260869565
-14.204347826087
-14.152173913043
-16.831304347826
-20.396521739130
-20.960869565217
-22.248695652174
-19.460000000000
-13.857391304348
-12.057391304348
-6.294782608696
-4.649565217391
-4.361739130435
-0.817391304348
4.610434782609
17.587826086957
13.200869565217
14.017391304348
9.776521739130
8.936521739130
7.969565217391
7.116521739130
1.541739130435
-3.025217391304
-5.935652173913
-10.885217391304
-12.306956521739
-12.912173913043
-13.389565217391
-11.489565217391
-9.919130434783
-10.318260869565
-7.956521739130
-3.378260869565
-1.540000000000
-1.725217391304
-0.481739130435
-0.310434782609
-4.747826086957
-6.012173913043
-6.949565217391
-7.721739130435
-11.374782608696
-11.200000000000
-11.861739130435
-12.212173913043
-13.973913043478
-15.811304347826
-14.028695652174
-14.175652173913
-12.864347826087
-10.674782608696
-10.453043478261
-9.790434782609
-8.994782608696
-9.404347826087
-5.039130434783
-4.269565217391
-3.195652173913
-1.635652173913
-1.281739130435
-2.185217391304
-3.540869565217
-6.746086956522
-8.471304347826
-11.253913043478
-12.065217391304
-15.667826086957
-18.170434782609
-21.319130434783
-18.290434782609
-20.631304347826
-14.153043478261
-9.849565217391
-7.449565217391
-5.482608695652
-2.453043478261
2.225217391304
5.804347826087
19.189565217391
16.726086956522
13.997391304348
13.640000000000
11.337391304348
9.980000000000
6.446086956522
2.693913043478
-1.613913043478
-5.240869565217
-8.948695652174
-10.753913043478
-13.447826086957
-15.050434782609
-10.977391304348
-11.933043478261
-9.712173913043
-5.648695652174
-0.461739130435
2.093043478261
4.812173913043
8.896521739130
7.460869565217
5.682608695652
4.706956521739
2.849565217391
1.897391304348
-2.641739130435
-8.042608695652
-6.886086956522
-4.311304347826
-5.886086956522
-8.406086956522
-7.626956521739
-6.583478260870
-5.551304347826
-5.926956521739
-5.301739130435
-5.815652173913
-4.236521739130
-3.217391304348
-0.306956521739
-1.255652173913
0.140000000000
0.794782608696
2.987826086957
0.187826086957
-1.317391304348
-4.472173913043
-6.396521739130
-9.388695652174
-14.027826086957
-17.424347826087
-20.127826086957
-22.234782608696
-18.040000000000
-17.658260869565
-13.855652173913
-9.223478260870
-7.832173913043
-4.553913043478
-0.661739130435
3.638260869565
6.751304347826
18.406086956522
16.923478260870
15.741739130435
14.011304347826
11.167826086957
10.506956521739
8.042608695652
5.408695652174
1.467826086957
-4.744347826087
-9.638260869565
-12.300000000000
-15.513043478261
-14.686086956522
-14.688695652174
-9.729565217391
-9.939130434783
-4.986956521739
4.163478260870
7.776521739130
8.120000000000
11.825217391304
13.420000000000
12.035652173913
11.306086956522
10.541739130435
8.913043478261
6.685217391304
6.787826086957
5.013913043478
2.501739130435
0.220869565217
0.051304347826
2.628695652174
-0.069565217391
-0.093043478261
-2.011304347826
-0.131304347826
1.560000000000
4.013913043478
3.853913043478
7.263478260870
8.082608695652
6.753043478261
8.566956521739
7.284347826087
5.376521739130
-0.915652173913
-3.658260869565
-8.955652173913
-12.513913043478
-17.533043478261
-19.293913043478
-19.924347826087
-20.231304347826
-16.746086956522
-16.963478260870
-13.122608695652
-6.306956521739
-4.796521739130
-1.508695652174
0.453043478261
5.352173913043
7.651304347826
19.017391304348
19.046956521739
15.906086956522
14.836521739130
15.026086956522
11.626956521739
9.520000000000
5.795652173913
1.462608695652
-1.755652173913
-5.618260869565
-11.242608695652
-13.884347826087
-17.069565217391
-12.529565217391
-9.555652173913
-9.287826086957
-5.401739130435
2.360869565217
7.187826086957
9.131304347826
13.402608695652
14.982608695652
17.562608695652
16.598260869565
17.052173913043
15.700000000000
16.086086956522
14.176521739130
12.289565217391
10.687826086957
9.314782608696
10.838260869565
10.070434782609
11.788695652174
11.739130434783
11.653043478261
8.793913043478
8.386086956522
7.886956521739
9.124347826087
12.949565217391
17.744347826087
15.886956521739
13.409565217391
8.200000000000
4.048695652174
-3.052173913043
-8.149565217391
-12.179130434783
-12.594782608696
-14.264347826087
-18.259130434783
-21.005217391304
-17.229565217391
-15.895652173913
-14.094782608696
-9.419130434783
-5.506956521739
-2.247826086957
-0.394782608696
3.132173913043
6.994782608696
10.717391304348
19.099130434783
19.863478260870
18.307826086957
16.648695652174
14.456521739130
14.485217391304
11.205217391304
7.411304347826
1.082608695652
-0.824347826087
-3.699130434783
-10.797391304348
-11.932173913043
-16.509565217391
-12.037391304348
-13.220000000000
-9.145217391304
-3.709565217391
-0.551304347826
4.476521739130
9.633913043478
11.388695652174
15.257391304348
17.991304347826
20.361739130435
19.149565217391
19.068695652174
18.923478260870
16.913043478261
16.086086956522
13.881739130435
13.363478260870
9.927826086957
12.496521739130
14.580869565217
15.454782608696
12.665217391304
11.599130434783
11.434782608696
12.333913043478
12.562608695652
14.882608695652
15.711304347826
16.602608695652
14.549565217391
8.728695652174
0.101739130435
-3.213043478261
-7.345217391304
-11.350434782609
-11.209565217391
-14.433043478261
-17.396521739130
-20.087826086957
-16.726086956522
-13.805217391304
-11.839130434783
-7.282608695652
-5.706956521739
-1.613913043478
2.081739130435
5.797391304348
11.021739130435
11.872173913043
20.700000000000
19.860869565217
19.469565217391
18.066086956522
17.542608695652
16.170434782609
12.380869565217
8.690434782609
4.415652173913
2.280869565217
-4.246086956522
-6.287826086957
-8.978260869565
-14.100000000000
-14.580869565217
-13.518260869565
-9.001739130435
-7.541739130435
-1.647826086957
2.852173913043
8.792173913043
10.662608695652
14.700869565217
17.163478260870
18.501739130435
19.550434782609
19.186956521739
18.540000000000
15.586956521739
15.687826086957
14.166956521739
13.782608695652
13.516521739130
13.796521739130
16.659130434783
15.147826086957
12.857391304348
11.440869565217
10.732173913043
15.145217391304
15.559130434783
17.145217391304
14.876521739130
13.871304347826
11.448695652174
8.962608695652
4.362608695652
-2.958260869565
-6.450434782609
-9.611304347826
-12.875652173913
-14.555652173913
-16.850434782609
-19.056521739130
-15.564347826087
-12.406086956522
-7.555652173913
-5.102608695652
-2.398260869565
1.874782608696
4.738260869565
8.498260869565
11.100869565217
11.611304347826
22.538260869565
20.805217391304
22.068695652174
19.537391304348
19.340000000000
16.580000000000
14.591304347826
9.621739130435
6.560000000000
3.060869565217
-1.347826086957
-5.088695652174
-8.951304347826
-12.293043478261
-16.393043478261
-13.722608695652
-10.158260869565
-7.777391304348
-3.039130434783
0.995652173913
2.381739130435
5.998260869565
11.459130434783
13.801739130435
14.833043478261
14.607826086957
15.543478260870
13.702608695652
12.955652173913
13.020000000000
10.681739130435
8.752173913043
9.721739130435
10.718260869565
12.916521739130
14.773043478261
16.513043478261
17.464347826087
15.718260869565
15.698260869565
14.601739130435
17.890434782609
17.517391304348
13.321739130435
9.176521739130
7.336521739130
0.283478260870
-3.409565217391
-7.822608695652
-11.745217391304
-11.337391304348
-14.707826086957
-14.522608695652
-15.122608695652
-14.482608695652
-9.167826086957
-6.766086956522
-2.376521739130
1.806086956522
3.221739130435
8.557391304348
10.388695652174
11.321739130435
16.502608695652
23.028695652174
22.893043478261
21.278260869565
22.330434782609
19.844347826087
20.178260869565
16.576521739130
12.994782608696
9.928695652174
5.086086956522
0.678260869565
0.857391304348
-6.464347826087
-9.221739130435
-14.397391304348
-14.735652173913
-13.316521739130
-10.094782608696
-8.289565217391
-4.280869565217
-1.453043478261
2.293913043478
5.163478260870
8.785217391304
10.526086956522
8.916521739130
9.723478260870
10.334782608696
9.019130434783
7.513913043478
10.346086956522
7.141739130435
6.452173913043
7.466086956522
8.590434782609
12.308695652174
9.249565217391
7.356521739130
9.063478260870
9.713043478261
11.773043478261
12.119130434783
9.260000000000
7.375652173913
4.759130434783
1.583478260870
-1.911304347826
-3.829565217391
-7.363478260870
-10.270434782609
-11.417391304348
-12.243478260870
-13.876521739130
-14.028695652174
-12.046956521739
-7.954782608696
-3.597391304348
1.553043478261
4.285217391304
7.922608695652
9.230434782609
12.918260869565
16.027826086957
16.320869565217
25.303478260870
22.504347826087
24.010434782609
22.162608695652
21.944347826087
22.899130434783
19.832173913043
16.183478260870
9.933913043478
7.999130434783
5.095652173913
3.118260869565
-2.936521739130
-4.435652173913
-12.667826086957
-17.093043478261
-11.291304347826
-13.473043478261
-8.911304347826
-6.900000000000
-4.233043478261
-2.296521739130
3.585217391304
2.712173913043
6.134782608696
8.870434782609
8.007826086957
5.922608695652
4.771304347826
4.154782608696
3.716521739130
3.815652173913
4.328695652174
2.373913043478
6.683478260870
3.580869565217
0.257391304348
1.498260869565
3.855652173913
5.531304347826
6.355652173913
4.776521739130
0.530434782609
1.298260869565
-0.160000000000
-1.270434782609
-4.682608695652
-5.826086956522
-8.829565217391
-11.942608695652
-11.009565217391
-12.697391304348
-13.626956521739
-11.280000000000
-8.990434782609
-5.242608695652
0.811304347826
1.783478260870
5.268695652174
9.756521739130
11.386086956522
14.685217391304
15.355652173913
17.026956521739
25.834782608696
23.590434782609
24.682608695652
22.979130434783
25.006086956522
22.080869565217
19.315652173913
19.080869565217
13.726956521739
11.335652173913
6.097391304348
4.440869565217
2.195652173913
-3.883478260870
-9.308695652174
-13.208695652174
-17.071304347826
-11.473913043478
-11.086956521739
-12.492173913043
-9.235652173913
-6.895652173913
-3.544347826087
-2.515652173913
1.482608695652
4.652173913043
5.058260869565
4.062608695652
4.984347826087
5.583478260870
5.500000000000
0.475652173913
-0.954782608696
0.746086956522
5.389565217391
4.541739130435
3.271304347826
3.188695652174
2.559130434783
4.098260869565
4.476521739130
3.357391304348
0.886086956522
-2.032173913043
-4.115652173913
-5.923478260870
-7.226956521739
-9.634782608696
-9.515652173913
-13.254782608696
-13.338260869565
-13.033913043478
-10.680869565217
-10.102608695652
-3.135652173913
-0.094782608696
3.076521739130
2.896521739130
7.381739130435
10.637391304348
13.257391304348
16.691304347826
14.602608695652
19.364347826087
24.036521739130
23.126956521739
24.460869565217
24.607826086957
25.290434782609
21.868695652174
21.139130434783
20.493913043478
17.074782608696
16.326956521739
9.515652173913
5.340869565217
5.407826086957
0.193043478261
-6.418260869565
-11.676521739130
-14.397391304348
-12.470434782609
-12.296521739130
-11.912173913043
-9.520869565217
-7.644347826087
-3.820869565217
-3.160000000000
-1.608695652174
1.312173913043
4.414782608696
5.221739130435
4.548695652174
5.649565217391
4.611304347826
2.759130434783
0.599130434783
3.441739130435
6.013043478261
4.787826086957
6.176521739130
4.660000000000
5.187826086957
4.268695652174
3.037391304348
-1.478260869565
-0.296521739130
-4.130434782609
-6.245217391304
-10.486086956522
-11.615652173913
-9.311304347826
-9.496521739130
-10.929565217391
-11.278260869565
-10.744347826087
-10.244347826087
-8.435652173913
-0.756521739130
2.657391304348
5.778260869565
6.627826086957
8.546086956522
13.558260869565
16.629565217391
18.252173913043
15.576521739130
18.515652173913
25.762608695652
24.086956521739
25.434782608696
25.351304347826
25.154782608696
23.733043478261
22.322608695652
20.045217391304
20.822608695652
17.973913043478
14.215652173913
11.202608695652
5.792173913043
4.175652173913
-1.826086956522
-3.336521739130
-9.528695652174
-11.400869565217
-12.240000000000
-12.315652173913
-11.396521739130
-9.491304347826
-8.491304347826
-6.169565217391
-5.375652173913
-3.200000000000
-1.066956521739
3.375652173913
5.298260869565
5.426956521739
6.249565217391
3.402608695652
2.129565217391
1.829565217391
0.298260869565
1.774782608696
0.794782608696
1.217391304348
0.383478260870
0.927826086957
-2.420000000000
-5.262608695652
-7.579130434783
-7.169565217391
-11.350434782609
-10.771304347826
-12.058260869565
-12.216521739130
-10.653043478261
-9.428695652174
-9.894782608696
-7.994782608696
-7.088695652174
-3.292173913043
2.503478260870
5.253043478261
8.354782608696
9.726086956522
10.440000000000
14.274782608696
18.190434782609
18.228695652174
18.056521739130
20.675652173913
26.646086956522
26.187826086957
24.849565217391
25.736521739130
25.374782608696
24.685217391304
25.079130434783
23.121739130435
22.241739130435
18.346086956522
16.411304347826
14.614782608696
8.782608695652
8.482608695652
3.237391304348
2.006956521739
-4.360000000000
-7.539130434783
-9.679130434783
-11.304347826087
-11.783478260870
-9.853043478261
-8.223478260870
-7.859130434783
-7.500869565217
-5.370434782609
-2.258260869565
-0.475652173913
-0.869565217391
0.884347826087
1.933043478261
1.850434782609
1.062608695652
0.433043478261
0.186956521739
-0.748695652174
0.474782608696
0.459130434783
-4.338260869565
-5.257391304348
-4.733913043478
-6.038260869565
-8.519130434783
-8.644347826087
-11.686956521739
-10.578260869565
-12.744347826087
-12.590434782609
-10.303478260870
-9.789565217391
-8.674782608696
-7.385217391304
-4.493043478261
0.801739130435
4.256521739130
7.819130434783
11.376521739130
13.267826086957
14.429565217391
18.593043478261
17.633043478261
17.860000000000
18.780000000000
23.153043478261
25.880869565217
26.066956521739
24.506086956522
24.880869565217
25.893913043478
27.662608695652
24.336521739130
24.059130434783
24.693043478261
19.651304347826
17.459130434783
15.417391304348
12.272173913043
10.730434782609
6.650434782609
1.987826086957
-1.938260869565
-5.766956521739
-8.843478260870
-12.610434782609
-14.320000000000
-12.406086956522
-9.945217391304
-9.048695652174
-9.745217391304
-9.518260869565
-7.772173913043
-6.473913043478
-2.740000000000
-0.828695652174
-0.259130434783
0.612173913043
1.324347826087
0.108695652174
0.937391304348
-0.426956521739
-0.613913043478
-1.713913043478
-4.818260869565
-6.133913043478
-7.324347826087
-8.464347826087
-8.231304347826
-10.962608695652
-14.510434782609
-14.677391304348
-14.640000000000
-12.805217391304
-10.543478260870
-9.559130434783
-7.454782608696
-4.900869565217
-0.480869565217
2.745217391304
4.954782608696
9.177391304348
13.480869565217
15.100869565217
16.588695652174
18.671304347826
19.737391304348
18.350434782609
19.278260869565
22.953913043478
25.521739130435
24.526956521739
25.787826086957
25.955652173913
24.847826086957
28.333043478261
25.367826086957
23.912173913043
26.391304347826
22.750434782609
18.637391304348
16.223478260870
13.279130434783
10.985217391304
5.840869565217
1.915652173913
-4.044347826087
-5.200869565217
-9.332173913043
-13.666086956522
-14.559130434783
-13.710434782609
-11.230434782609
-11.103478260870
-12.642608695652
-13.812173913043
-10.223478260870
-10.223478260870
-10.473913043478
-5.523478260870
-5.290434782609
-7.146086956522
-6.566086956522
-3.156521739130
-3.647826086957
-4.017391304348
-4.367826086957
-5.041739130435
-6.103478260870
-11.468695652174
-9.824347826087
-9.493043478261
-11.354782608696
-12.283478260870
-13.626956521739
-14.380000000000
-14.672173913043
-10.407826086957
-10.095652173913
-7.054782608696
-6.833043478261
0.930434782609
1.513043478261
3.948695652174
8.371304347826
12.882608695652
15.475652173913
16.989565217391
18.400000000000
19.380000000000
20.165217391304
21.104347826087
23.287826086957
22.689565217391
22.929565217391
24.224347826087
26.417391304348
25.091304347826
25.546956521739
25.074782608696
27.673913043478
25.355652173913
25.858260869565
26.512173913043
19.494782608696
17.992173913043
16.248695652174
13.446956521739
8.924347826087
6.101739130435
-0.877391304348
-5.292173913043
-8.813043478261
-12.873913043478
-13.949565217391
-15.508695652174
-16.741739130435
-14.572173913043
-17.452173913043
-18.341739130435
-19.118260869565
-16.788695652174
-16.814782608696
-14.723478260870
-13.342608695652
-11.944347826087
-12.833913043478
-9.199130434783
-9.182608695652
-9.357391304348
-10.937391304348
-8.793913043478
-10.709565217391
-11.385217391304
-12.675652173913
-14.113913043478
-14.906956521739
-15.903478260870
-13.994782608696
-15.004347826087
-13.800869565217
-8.614782608696
-7.547826086957
-7.234782608696
-2.149565217391
0.000000000000
0.000000000000
0.000000000000
0.000000000000
0.000000000000
0.000000000000
0.000000000000
0.000000000000
0.000000000000
0.000000000000
0.000000000000
0.000000000000
0.000000000000
